a 2819 1656 3420 1160 57 1656 1646 26498 99416 36 89575
a 4481 1659 3480 2819 58 3315 1646 26498 99416 36 91234
a 7812 1662 3540 4481 59 4977 1646 6137 99416 36 92896
a 9484 1665 0 7812 0 6642 1646 6137 96227 37 0
a 11160 1672 60 9484 1 8314 1646 6137 96227 37 1672
a 12838 1676 120 11160 2 9990 1646 6137 96227 37 3348
a 14520 1678 180 12838 3 11668 1646 6137 96227 37 5026
a 16204 1682 240 14520 4 13350 1646 6137 96227 37 6708
a 17892 1684 300 16204 5 15034 1646 6137 96227 37 8392
a 19582 1688 360 17892 6 16722 1646 6137 96227 37 10080
a 21276 1690 420 19582 7 0 2630 20383 96227 37 11770
a 22972 1694 480 21276 8 1694 2630 20383 96227 37 13464
a 24672 1696 540 22972 9 3390 2630 20383 96227 37 15160
a 26374 1700 600 24672 10 5090 2630 20383 96227 37 16860
a 28080 1702 660 26374 11 6792 2630 20383 96227 37 18562
a 29788 1706 720 28080 12 8498 2630 20383 96227 37 20268
a 31500 1708 780 29788 13 10206 2630 20383 96227 37 21976
a 450 1712 840 31500 14 0 1702 336 96227 37 23688
a 2171 1718 900 450 15 1718 1702 336 96227 37 25406
a 3895 1721 960 2171 16 3439 1702 336 96227 37 27127
a 5622 1724 1020 3895 17 5163 1702 336 96227 37 28851
a 7352 1727 1080 5622 18 6890 1702 336 96227 37 30578
a 9085 1730 1140 7352 19 8620 1702 336 96227 37 32308
a 10821 1733 1200 9085 20 10353 1702 336 96227 37 34041
a 12560 1736 1260 10821 21 0 1727 336 96227 37 35777
a 14302 1739 1320 12560 22 1739 1727 13361 96227 37 37516
a 16047 1742 1380 14302 23 3481 1727 13361 96227 37 39258
a 17795 1745 1440 16047 24 5226 1727 13361 96227 37 41003
a 19546 1748 1500 17795 25 6974 1727 13361 96227 37 42751
a 21300 1751 1560 19546 26 8725 1727 13361 96227 37 44502
a 23057 1754 1620 21300 27 10479 1727 13361 96227 37 46256
a 24817 1757 1680 23057 28 0 1748 13361 96227 37 48013
