a 123 0 0 0 0 0 32767 0 0 0 0
a 456 123 60 123 1 123 32767 0 0 0 123
a 796 333 120 456 2 456 32767 0 0 0 456
a 1143 340 180 796 3 796 32767 0 0 0 796
a 1497 347 240 1143 4 1143 32767 0 0 0 1143
a 1858 354 300 1497 5 1497 32767 0 0 0 1497
a 2226 361 360 1858 6 1858 32767 0 0 0 1858
a 2601 368 420 2226 7 0 318 2226 0 0 2226
a 3358 375 480 2601 8 375 318 2226 0 0 2601
a 3743 378 0 3358 0 753 318 2226 3358 1072 0
a 4136 385 60 3743 1 1138 318 2226 3358 1072 385
a 4535 393 120 4136 2 1531 318 2226 3358 1072 778
a 4942 399 180 4535 3 1930 318 2226 3358 1072 1177
a 5355 407 240 4942 4 2337 318 2226 3358 1072 1584
a 5776 413 300 5355 5 2750 318 2226 3358 1072 1997
a 6203 421 360 5776 6 3171 318 2226 3358 1072 2418
a 6638 427 420 6203 7 0 514 6230 3358 1072 2845
a 7079 435 480 6638 8 435 514 6230 3358 1072 3280
a 7528 441 540 7079 9 876 514 6230 3358 1072 3721
a 7983 449 600 7528 10 1325 514 6230 3358 1072 4170
a 8446 455 660 7983 11 1780 514 6230 3358 1072 4625
a 8915 463 720 8446 12 2243 514 6230 3358 1072 5088
a 9392 469 780 8915 13 2712 514 6230 3358 1072 5557
a 9875 477 840 9392 14 0 455 9447 3358 1072 6034
a 10366 483 900 9875 15 483 455 9447 3358 1072 6517
a 10863 491 960 10366 16 974 455 9447 3358 1072 7008
a 11368 497 1020 10863 17 1471 455 9447 3358 1072 7505
a 11879 505 1080 11368 18 1976 455 9447 3358 1072 8010
a 12398 511 1140 11879 19 2487 455 9447 3358 1072 8521
a 12923 519 1200 12398 20 3006 455 9447 3358 1072 9040
a 13456 525 1260 12923 21 0 504 9447 3358 1072 9565
a 13995 533 1320 13456 22 533 504 13483 3358 1072 10098
a 14542 539 1380 13995 23 1072 504 13483 3358 1072 10637
a 15095 547 1440 14542 24 1619 504 13483 3358 1072 11184
a 15656 553 1500 15095 25 2172 504 13483 3358 1072 11737
a 16223 561 1560 15656 26 2733 504 13483 3358 1072 12298
a 16798 567 1620 16223 27 3300 504 13483 3358 1072 12865
a 17379 575 1680 16798 28 0 553 13483 3358 1072 13440
a 17968 581 1740 17379 29 581 553 17434 3358 1072 14021
a 18563 589 1800 17968 30 1170 553 17434 3358 1072 14610
a 19166 595 1860 18563 31 1765 553 17434 3358 1072 15205
a 19775 603 1920 19166 32 2368 553 17434 3358 1072 15808
a 20392 609 1980 19775 33 2977 553 17434 3358 1072 16417
a 21015 617 2040 20392 34 3594 553 17434 3358 1072 17034
a 21646 623 2100 21015 35 0 602 17434 3358 1072 17657
a 22283 631 2160 21646 36 631 602 17434 3358 1072 18288
a 22928 637 2220 22283 37 1268 602 22310 3358 1072 18925
a 23579 645 2280 22928 38 1913 602 22310 3358 1072 19570
a 24238 651 2340 23579 39 2564 602 22310 3358 1072 20221
a 24903 659 2400 24238 40 3223 602 22310 3358 1072 20880
a 25576 665 2460 24903 41 3888 602 22310 3358 1072 21545
a 26255 673 2520 25576 42 0 651 22310 3358 1072 22218
a 26942 679 2580 26255 43 679 651 22310 3358 1072 22897
a 27635 687 2640 26942 44 1366 651 26997 3358 1072 23584
a 28336 693 2700 27635 45 2059 651 26997 3358 1072 24277
a 29043 701 2760 28336 46 2760 651 26997 3358 1072 24978
a 29758 707 2820 29043 47 3467 651 26997 3358 1072 25685
a 30479 715 2880 29758 48 4182 651 26997 3358 1072 26400
a 31208 721 2940 30479 49 0 700 26997 3358 1072 27121
a 31943 729 3000 31208 50 729 700 26997 3358 1072 27850
a 32686 735 3060 31943 51 1464 700 26997 3358 1072 28585
a 668 743 3120 32686 52 2207 700 32713 3358 1072 29328
a 1425 750 3180 668 53 2957 700 32713 3358 1072 30078
a 2189 757 3240 1425 54 3714 700 32713 3358 1072 30835
a 2960 764 3300 2189 55 4478 700 32713 3358 1072 31599
a 3738 771 3360 2960 56 0 749 32713 3358 1072 32370
a 4523 778 3420 3738 57 778 749 32713 3358 1072 33148
a 5315 785 3480 4523 58 1563 749 32713 3358 1072 33933
a 6906 792 3540 5315 59 2355 749 5370 3358 1072 34725
a 7708 795 0 6906 0 3150 749 5370 36316 99 0
a 8518 802 60 7708 1 3952 749 5370 36316 99 802
a 9334 810 120 8518 2 4762 749 5370 36316 99 1612
a 10158 816 180 9334 3 5578 749 5370 36316 99 2428
a 10988 824 240 10158 4 6402 749 5370 36316 99 3252
a 11826 830 300 10988 5 7232 749 5370 36316 99 4082
a 12670 838 360 11826 6 8070 749 5370 36316 99 4920
a 13522 844 420 12670 7 0 1273 12972 36316 99 5764
a 14380 852 480 13522 8 852 1273 12972 36316 99 6616
a 15246 858 540 14380 9 1710 1273 12972 36316 99 7474
a 16118 866 600 15246 10 2576 1273 12972 36316 99 8340
a 16998 872 660 16118 11 3448 1273 12972 36316 99 9212
a 17884 880 720 16998 12 4328 1273 12972 36316 99 10092
a 18778 886 780 17884 13 5214 1273 12972 36316 99 10978
a 19678 894 840 18778 14 0 872 19383 36316 99 11872
a 20586 900 900 19678 15 900 872 19383 36316 99 12772
a 21500 908 960 20586 16 1808 872 19383 36316 99 13680
a 22422 914 1020 21500 17 2722 872 19383 36316 99 14594
a 23350 922 1080 22422 18 3644 872 19383 36316 99 15516
a 24286 928 1140 23350 19 4572 872 19383 36316 99 16444
a 25228 936 1200 24286 20 5508 872 19383 36316 99 17380
a 26178 942 1260 25228 21 0 921 19383 36316 99 18322
a 27134 950 1320 26178 22 950 921 26480 36316 99 19272
a 28098 956 1380 27134 23 1906 921 26480 36316 99 20228
a 29068 964 1440 28098 24 2870 921 26480 36316 99 21192
a 30046 970 1500 29068 25 3840 921 26480 36316 99 22162
a 31030 978 1560 30046 26 4818 921 26480 36316 99 23140
a 32022 984 1620 31030 27 5802 921 26480 36316 99 24124
a 250 992 1680 32022 28 0 970 26480 36316 99 25116
a 1253 996 1740 250 29 996 970 855 36316 99 26112
a 2263 1003 1800 1253 30 1999 970 855 36316 99 27115
a 3280 1010 1860 2263 31 3009 970 855 36316 99 28125
a 4304 1017 1920 3280 32 4026 970 855 36316 99 29142
a 5335 1024 1980 4304 33 5050 970 855 36316 99 30166
a 6373 1031 2040 5335 34 6081 970 855 36316 99 31197
a 7418 1038 2100 6373 35 0 1017 855 36316 99 32235
a 8470 1045 2160 7418 36 1045 1017 855 36316 99 33280
a 9529 1052 2220 8470 37 2097 1017 8772 36316 99 34332
a 10595 1059 2280 9529 38 3156 1017 8772 36316 99 35391
a 11668 1066 2340 10595 39 4222 1017 8772 36316 99 36457
a 12748 1073 2400 11668 40 5295 1017 8772 36316 99 37530
a 13835 1080 2460 12748 41 6375 1017 8772 36316 99 38610
a 14929 1087 2520 13835 42 0 1066 8772 36316 99 39697
a 16030 1094 2580 14929 43 1094 1066 8772 36316 99 40791
a 17138 1101 2640 16030 44 2195 1066 16635 36316 99 41892
a 18253 1108 2700 17138 45 3303 1066 16635 36316 99 43000
a 19375 1115 2760 18253 46 4418 1066 16635 36316 99 44115
a 20504 1122 2820 19375 47 5540 1066 16635 36316 99 45237
a 21640 1129 2880 20504 48 6669 1066 16635 36316 99 46366
a 22783 1136 2940 21640 49 0 1115 16635 36316 99 47502
a 23933 1143 3000 22783 50 1143 1115 16635 36316 99 48645
a 25090 1150 3060 23933 51 2293 1115 16635 36316 99 49795
a 26254 1157 3120 25090 52 3450 1115 25392 36316 99 50952
a 27425 1164 3180 26254 53 4614 1115 25392 36316 99 52116
a 28603 1171 3240 27425 54 5785 1115 25392 36316 99 53287
a 29788 1178 3300 28603 55 6963 1115 25392 36316 99 54465
a 30980 1185 3360 29788 56 0 1164 25392 36316 99 55650
a 32179 1192 3420 30980 57 1192 1164 25392 36316 99 56842
a 620 1199 3480 32179 58 2391 1164 25392 36316 99 58041
a 3045 1209 3540 620 59 3600 1164 1225 36316 99 59250
a 4264 1212 0 3045 0 4812 1164 1225 61675 58 0
a 5491 1219 60 4264 1 6031 1164 1225 61675 58 1219
a 6724 1227 120 5491 2 7258 1164 1225 61675 58 2446
a 7965 1233 180 6724 3 8491 1164 1225 61675 58 3679
a 9212 1241 240 7965 4 9732 1164 1225 61675 58 4920
a 10467 1247 300 9212 5 10979 1164 1225 61675 58 6167
a 11728 1255 360 10467 6 12234 1164 1225 61675 58 7422
a 12997 1261 420 11728 7 0 1927 12241 61675 58 8683
a 14272 1269 480 12997 8 1269 1927 12241 61675 58 9952
a 15555 1275 540 14272 9 2544 1927 12241 61675 58 11227
a 16844 1283 600 15555 10 3827 1927 12241 61675 58 12510
a 18141 1289 660 16844 11 5116 1927 12241 61675 58 13799
a 19444 1297 720 18141 12 6413 1927 12241 61675 58 15096
a 20755 1303 780 19444 13 7716 1927 12241 61675 58 16399
a 22072 1311 840 20755 14 0 1289 21782 61675 58 17710
a 23397 1317 900 22072 15 1317 1289 21782 61675 58 19027
a 24728 1325 960 23397 16 2642 1289 21782 61675 58 20352
a 26067 1331 1020 24728 17 3973 1289 21782 61675 58 21683
a 27412 1339 1080 26067 18 5312 1289 21782 61675 58 23022
a 28765 1345 1140 27412 19 6657 1289 21782 61675 58 24367
a 30124 1353 1200 28765 20 8010 1289 21782 61675 58 25720
a 31491 1359 1260 30124 21 0 1338 21782 61675 58 27079
a 100 1367 1320 31491 22 1367 1338 32004 61675 58 28446
a 1484 1377 1380 100 23 2744 1338 32004 61675 58 29823
a 2875 1384 1440 1484 24 4128 1338 32004 61675 58 31207
a 4273 1391 1500 2875 25 5519 1338 32004 61675 58 32598
a 5678 1398 1560 4273 26 6917 1338 32004 61675 58 33996
a 7090 1405 1620 5678 27 8322 1338 32004 61675 58 35401
a 8509 1412 1680 7090 28 0 1390 32004 61675 58 36813
a 9935 1419 1740 8509 29 1419 1390 9536 61675 58 38232
a 11368 1426 1800 9935 30 2845 1390 9536 61675 58 39658
a 12808 1433 1860 11368 31 4278 1390 9536 61675 58 41091
a 14255 1440 1920 12808 32 5718 1390 9536 61675 58 42531
a 15709 1447 1980 14255 33 7165 1390 9536 61675 58 43978
a 17170 1454 2040 15709 34 8619 1390 9536 61675 58 45432
a 18638 1461 2100 17170 35 0 1440 9536 61675 58 46893
a 20113 1468 2160 18638 36 1468 1440 9536 61675 58 48361
a 21595 1475 2220 20113 37 2943 1440 20626 61675 58 49836
a 23084 1482 2280 21595 38 4425 1440 20626 61675 58 51318
a 24580 1489 2340 23084 39 5914 1440 20626 61675 58 52807
a 26083 1496 2400 24580 40 7410 1440 20626 61675 58 54303
a 27593 1503 2460 26083 41 8913 1440 20626 61675 58 55806
a 29110 1510 2520 27593 42 0 1489 20626 61675 58 57316
a 30634 1517 2580 29110 43 1517 1489 20626 61675 58 58833
a 32165 1524 2640 30634 44 3041 1489 31661 61675 58 60357
a 930 1531 2700 32165 45 4572 1489 31661 61675 58 61888
a 2470 1533 2760 930 46 6105 1489 31661 61675 58 63421
a 4017 1540 2820 2470 47 7645 1489 31661 61675 58 64961
a 5571 1547 2880 4017 48 9192 1489 31661 61675 58 66508
a 7132 1554 2940 5571 49 0 1535 31661 61675 58 68062
a 8700 1561 3000 7132 50 1561 1535 31661 61675 58 69623
a 10275 1568 3060 8700 51 3129 1535 31661 61675 58 71191
a 11857 1575 3120 10275 52 4704 1535 10788 61675 58 72766
a 13446 1582 3180 11857 53 6286 1535 10788 61675 58 74348
a 15042 1589 3240 13446 54 7875 1535 10788 61675 58 75937
a 16645 1596 3300 15042 55 9471 1535 10788 61675 58 77533
a 18255 1603 3360 16645 56 0 1582 10788 61675 58 79136
a 19872 1610 3420 18255 57 1610 1582 10788 61675 58 80746
a 21496 1617 3480 19872 58 3227 1582 10788 61675 58 82363
a 24751 1624 3540 21496 59 4851 1582 22523 61675 58 83987
a 26385 1627 0 24751 0 6478 1582 22523 87242 41 0
a 28027 1634 60 26385 1 8112 1582 22523 87242 41 1634
a 29675 1642 120 28027 2 9754 1582 22523 87242 41 3276
a 31331 1648 180 29675 3 11402 1582 22523 87242 41 4924
a 230 1656 240 31331 4 13058 1582 22523 87242 41 6580
a 1904 1667 300 230 5 14725 1582 22523 87242 41 8247
a 3585 1674 360 1904 6 16399 1582 22523 87242 41 9921
a 5273 1681 420 3585 7 0 2582 4312 87242 41 11602
a 6968 1688 480 5273 8 1688 2582 4312 87242 41 13290
a 8670 1695 540 6968 9 3383 2582 4312 87242 41 14985
a 10379 1702 600 8670 10 5085 2582 4312 87242 41 16687
a 12095 1709 660 10379 11 6794 2582 4312 87242 41 18396
a 13818 1716 720 12095 12 8510 2582 4312 87242 41 20112
a 15548 1723 780 13818 13 10233 2582 4312 87242 41 21835
a 17285 1730 840 15548 14 0 1709 17002 87242 41 23565
a 19029 1737 900 17285 15 1737 1709 17002 87242 41 25302
a 20780 1744 960 19029 16 3481 1709 17002 87242 41 27046
a 22538 1751 1020 20780 17 5232 1709 17002 87242 41 28797
a 24303 1758 1080 22538 18 6990 1709 17002 87242 41 30555
a 26075 1765 1140 24303 19 8755 1709 17002 87242 41 32320
a 27854 1772 1200 26075 20 10527 1709 17002 87242 41 34092
a 29640 1779 1260 27854 21 0 1758 17002 87242 41 35871
a 31433 1786 1320 29640 22 1786 1758 30367 87242 41 37657
a 460 1793 1380 31433 23 3579 1758 30367 87242 41 39450
a 2262 1795 1440 460 24 5374 1758 30367 87242 41 41245
a 4071 1802 1500 2262 25 7176 1758 30367 87242 41 43047
a 5887 1809 1560 4071 26 8985 1758 30367 87242 41 44856
a 7710 1816 1620 5887 27 10801 1758 30367 87242 41 46672
a 9540 1823 1680 7710 28 0 1803 30367 87242 41 48495
a 11377 1830 1740 9540 29 1830 1803 10994 87242 41 50325
a 13221 1837 1800 11377 30 3667 1803 10994 87242 41 52162
a 15072 1844 1860 13221 31 5511 1803 10994 87242 41 54006
a 16930 1851 1920 15072 32 7362 1803 10994 87242 41 55857
a 18795 1858 1980 16930 33 9220 1803 10994 87242 41 57715
a 20667 1865 2040 18795 34 11085 1803 10994 87242 41 59580
a 22546 1872 2100 20667 35 0 1851 10994 87242 41 61452
a 24432 1879 2160 22546 36 1879 1851 10994 87242 41 63331
a 26325 1886 2220 24432 37 3765 1851 25159 87242 41 65217
a 28225 1893 2280 26325 38 5658 1851 25159 87242 41 67110
a 30132 1900 2340 28225 39 7558 1851 25159 87242 41 69010
a 32046 1907 2400 30132 40 9465 1851 25159 87242 41 70917
a 1200 1914 2460 32046 41 11379 1851 25159 87242 41 72831
a 3129 1922 2520 1200 42 0 1900 25159 87242 41 74753
a 5065 1929 2580 3129 43 1929 1900 25159 87242 41 76682
a 7008 1936 2640 5065 44 3865 1900 6519 87242 41 78618
a 8958 1943 2700 7008 45 5808 1900 6519 87242 41 80561
a 10915 1950 2760 8958 46 7758 1900 6519 87242 41 82511
a 12879 1957 2820 10915 47 9715 1900 6519 87242 41 84468
a 14850 1964 2880 12879 48 11679 1900 6519 87242 41 86432
a 16828 1971 2940 14850 49 0 1950 6519 87242 41 88403
a 18813 1978 3000 16828 50 1978 1950 6519 87242 41 90381
a 20805 1985 3060 18813 51 3963 1950 6519 87242 41 92366
a 22804 1992 3120 20805 52 5955 1950 21532 87242 41 94358
a 24810 1999 3180 22804 53 7954 1950 21532 87242 41 96357
a 26823 2006 3240 24810 54 9960 1950 21532 87242 41 98363
a 28843 2013 3300 26823 55 11973 1950 21532 87242 41 100376
a 30870 2020 3360 28843 56 0 1999 21532 87242 41 102396
a 130 2027 3420 30870 57 2027 1999 21532 87242 41 104423
a 2165 2028 3480 130 58 4055 1999 21532 87242 41 106451
a 6242 2035 3540 2165 59 6090 1999 3619 87242 41 108486
a 8287 2038 0 6242 0 8128 1999 3619 112563 31 0
a 10340 2045 60 8287 1 10173 1999 3619 112563 31 2045
a 12399 2053 120 10340 2 12226 1999 3619 112563 31 4098
a 14466 2059 180 12399 3 14285 1999 3619 112563 31 6157
a 16539 2067 240 14466 4 16352 1999 3619 112563 31 8224
a 18620 2073 300 16539 5 18425 1999 3619 112563 31 10297
a 20707 2081 360 18620 6 20506 1999 3619 112563 31 12378
a 22802 2087 420 20707 7 0 3227 21645 112563 31 14465
a 24903 2095 480 22802 8 2095 3227 21645 112563 31 16560
a 27012 2101 540 24903 9 4196 3227 21645 112563 31 18661
a 29127 2109 600 27012 10 6305 3227 21645 112563 31 20770
a 31250 2115 660 29127 11 8420 3227 21645 112563 31 22885
a 610 2123 720 31250 12 10543 3227 21645 112563 31 25008
a 2745 2128 780 610 13 12671 3227 21645 112563 31 27136
a 4887 2135 840 2745 14 0 2115 4621 112563 31 29271
a 7036 2142 900 4887 15 2142 2115 4621 112563 31 31413
a 9192 2149 960 7036 16 4291 2115 4621 112563 31 33562
a 11355 2156 1020 9192 17 6447 2115 4621 112563 31 35718
a 13525 2163 1080 11355 18 8610 2115 4621 112563 31 37881
a 15702 2170 1140 13525 19 10780 2115 4621 112563 31 40051
a 17886 2177 1200 15702 20 12957 2115 4621 112563 31 42228
a 20077 2184 1260 17886 21 0 2163 4621 112563 31 44412
a 22275 2191 1320 20077 22 2191 2163 21015 112563 31 46603
a 24480 2198 1380 22275 23 4389 2163 21015 112563 31 48801
a 26692 2205 1440 24480 24 6594 2163 21015 112563 31 51006
a 28911 2212 1500 26692 25 8806 2163 21015 112563 31 53218
a 31137 2219 1560 28911 26 11025 2163 21015 112563 31 55437
a 600 2226 1620 31137 27 13251 2163 21015 112563 31 57663
a 2838 2231 1680 600 28 0 2211 21015 112563 31 59894
a 5083 2238 1740 2838 29 2238 2211 4714 112563 31 62132
a 7335 2245 1800 5083 30 4483 2211 4714 112563 31 64377
a 9594 2252 1860 7335 31 6735 2211 4714 112563 31 66629
a 11860 2259 1920 9594 32 8994 2211 4714 112563 31 68888
a 14133 2266 1980 11860 33 11260 2211 4714 112563 31 71154
a 16413 2273 2040 14133 34 13533 2211 4714 112563 31 73427
a 18700 2280 2100 16413 35 0 2259 4714 112563 31 75707
a 20994 2287 2160 18700 36 2287 2259 4714 112563 31 77994
a 23295 2294 2220 20994 37 4581 2259 21932 112563 31 80288
a 25603 2301 2280 23295 38 6882 2259 21932 112563 31 82589
a 27918 2308 2340 25603 39 9190 2259 21932 112563 31 84897
a 30240 2315 2400 27918 40 11505 2259 21932 112563 31 87212
a 32569 2322 2460 30240 41 13827 2259 21932 112563 31 89534
a 2140 2329 2520 32569 42 0 2308 21932 112563 31 91863
a 4486 2339 2580 2140 43 2339 2308 21932 112563 31 94202
a 6812 2346 2640 4486 44 4685 2308 6362 112563 31 96548
a 9118 2326 2700 6812 45 7011 2308 6362 112563 31 98874
a 11404 2306 2760 9118 46 9317 2308 6362 112563 31 101180
a 13670 2286 2820 11404 47 11603 2308 6362 112563 31 103466
a 15916 2266 2880 13670 48 13869 2308 6362 112563 31 105732
a 18142 2246 2940 15916 49 0 2302 6362 112563 31 107978
a 20348 2226 3000 18142 50 2226 2302 6362 112563 31 110204
a 22534 2206 3060 20348 51 4432 2302 6362 112563 31 112410
a 24700 2186 3120 22534 52 6618 2302 23472 112563 31 114596
a 26846 2166 3180 24700 53 8784 2302 23472 112563 31 116762
a 28972 2146 3240 26846 54 10930 2302 23472 112563 31 118908
a 31078 2126 3300 28972 55 13056 2302 23472 112563 31 121034
a 430 2106 3360 31078 56 0 2166 23472 112563 31 123140
a 2530 2120 3420 430 57 2120 2166 23472 112563 31 125260
a 4610 2100 3480 2530 58 4220 2166 23472 112563 31 127360
a 8777 2080 3540 4610 59 6300 2166 6486 112563 31 129440
a 10867 2083 0 8777 0 8383 2166 6486 133607 26 0
a 12938 2090 60 10867 1 10473 2166 6486 133607 26 2090
a 14988 2071 120 12938 2 12544 2166 6486 133607 26 4161
a 17019 2050 180 14988 3 14594 2166 6486 133607 26 6211
a 19029 2031 240 17019 4 16625 2166 6486 133607 26 8242
a 21020 2010 300 19029 5 18635 2166 6486 133607 26 10252
a 22990 1991 360 21020 6 20626 2166 6486 133607 26 12243
a 24941 1970 420 22990 7 0 3228 24103 133607 26 14213
a 26871 1951 480 24941 8 1951 3228 24103 133607 26 16164
a 28782 1930 540 26871 9 3881 3228 24103 133607 26 18094
a 30672 1911 600 28782 10 5792 3228 24103 133607 26 20005
a 32543 1890 660 30672 11 7682 3228 24103 133607 26 21895
a 1650 1871 720 32543 12 9553 3228 24103 133607 26 23766
a 3505 1875 780 1650 13 11428 3228 24103 133607 26 25641
a 5340 1855 840 3505 14 0 1897 5731 133607 26 27496
a 7155 1835 900 5340 15 1835 1897 5731 133607 26 29331
a 8950 1815 960 7155 16 3650 1897 5731 133607 26 31146
a 10725 1795 1020 8950 17 5445 1897 5731 133607 26 32941
a 12480 1775 1080 10725 18 7220 1897 5731 133607 26 34716
a 14215 1755 1140 12480 19 8975 1897 5731 133607 26 36471
a 15930 1735 1200 14215 20 10710 1897 5731 133607 26 38206
a 17625 1715 1260 15930 21 0 1775 5731 133607 26 39921
a 19300 1695 1320 17625 22 1695 1775 18738 133607 26 41616
a 20955 1675 1380 19300 23 3370 1775 18738 133607 26 43291
a 22590 1655 1440 20955 24 5025 1775 18738 133607 26 44946
a 24205 1635 1500 22590 25 6660 1775 18738 133607 26 46581
a 25800 1615 1560 24205 26 8275 1775 18738 133607 26 48196
a 27375 1595 1620 25800 27 9870 1775 18738 133607 26 49791
a 28930 1575 1680 27375 28 0 1635 18738 133607 26 51366
a 30465 1555 1740 28930 29 1555 1635 31156 133607 26 52921
a 31980 1535 1800 30465 30 3090 1635 31156 133607 26 54456
a 720 1515 1860 31980 31 4605 1635 31156 133607 26 55971
a 2208 1508 1920 720 32 6113 1635 31156 133607 26 57479
a 3676 1488 1980 2208 33 7601 1635 31156 133607 26 58967
a 5124 1468 2040 3676 34 9069 1635 31156 133607 26 60435
a 6552 1448 2100 5124 35 0 1502 31156 133607 26 61883
a 7960 1428 2160 6552 36 1428 1502 31156 133607 26 63311
a 9371 1408 2220 7960 37 2836 1502 9073 133607 26 64719
a 10785 1411 2280 9371 38 4247 1502 9073 133607 26 66130
a 12202 1414 2340 10785 39 5661 1502 9073 133607 26 67544
a 13622 1417 2400 12202 40 7078 1502 9073 133607 26 68961
a 15045 1420 2460 13622 41 8498 1502 9073 133607 26 70381
a 16471 1423 2520 15045 42 0 1417 9073 133607 26 71804
a 17900 1426 2580 16471 43 1426 1417 9073 133607 26 73230
a 19332 1429 2640 17900 44 2855 1417 20126 133607 26 74659
a 20767 1432 2700 19332 45 4287 1417 20126 133607 26 76091
a 22205 1435 2760 20767 46 5722 1417 20126 133607 26 77526
a 23646 1438 2820 22205 47 7160 1417 20126 133607 26 78964
a 25090 1441 2880 23646 48 8601 1417 20126 133607 26 80405
a 26537 1444 2940 25090 49 0 1435 20126 133607 26 81849
a 27987 1447 3000 26537 50 1447 1435 20126 133607 26 83296
a 29440 1450 3060 27987 51 2897 1435 20126 133607 26 84746
a 30896 1453 3120 29440 52 4350 1435 30553 133607 26 86199
a 32355 1456 3180 30896 53 5806 1435 30553 133607 26 87655
a 1050 1459 3240 32355 54 7265 1435 30553 133607 26 89114
a 2516 1463 3300 1050 55 8728 1435 30553 133607 26 90577
a 3985 1466 3360 2516 56 0 1456 30553 133607 26 92043
a 5457 1469 3420 3985 57 1469 1456 30553 133607 26 93512
a 6932 1472 3480 5457 58 2941 1456 30553 133607 26 94984
a 9889 1475 3540 6932 59 4416 1456 9158 133607 26 96459
a 11374 1478 0 9889 0 5894 1456 9158 99416 36 0
a 12863 1485 60 11374 1 7379 1456 9158 99416 36 1485
a 14354 1489 120 12863 2 8868 1456 9158 99416 36 2974
a 15849 1491 180 14354 3 10359 1456 9158 99416 36 4465
a 17346 1495 240 15849 4 11854 1456 9158 99416 36 5960
a 18847 1497 300 17346 5 13351 1456 9158 99416 36 7457
a 20350 1501 360 18847 6 14852 1456 9158 99416 36 8958
a 21857 1503 420 20350 7 0 2336 21178 99416 36 10461
a 23366 1507 480 21857 8 1507 2336 21178 99416 36 11968
a 24879 1509 540 23366 9 3016 2336 21178 99416 36 13477
a 26394 1513 600 24879 10 4529 2336 21178 99416 36 14990
a 27913 1515 660 26394 11 6044 2336 21178 99416 36 16505
a 29434 1519 720 27913 12 7563 2336 21178 99416 36 18024
a 30959 1521 780 29434 13 9084 2336 21178 99416 36 19545
a 32486 1525 840 30959 14 0 1515 32615 99416 36 21070
a 1250 1527 900 32486 15 1527 1515 32615 99416 36 22597
a 2784 1532 960 1250 16 3059 1515 32615 99416 36 24129
a 4322 1534 1020 2784 17 4593 1515 32615 99416 36 25663
a 5862 1538 1080 4322 18 6131 1515 32615 99416 36 27201
a 7406 1540 1140 5862 19 7671 1515 32615 99416 36 28741
a 8952 1544 1200 7406 20 9215 1515 32615 99416 36 30285
a 10502 1546 1260 8952 21 0 1537 32615 99416 36 31831
a 12054 1550 1320 10502 22 1550 1537 11330 99416 36 33381
a 13610 1552 1380 12054 23 3102 1537 11330 99416 36 34933
a 15168 1556 1440 13610 24 4658 1537 11330 99416 36 36489
a 16730 1558 1500 15168 25 6216 1537 11330 99416 36 38047
a 18294 1562 1560 16730 26 7778 1537 11330 99416 36 39609
a 19862 1564 1620 18294 27 9342 1537 11330 99416 36 41173
a 21432 1568 1680 19862 28 0 1558 11330 99416 36 42741
a 23006 1570 1740 21432 29 1570 1558 23088 99416 36 44311
a 24582 1574 1800 23006 30 3144 1558 23088 99416 36 45885
a 26162 1576 1860 24582 31 4720 1558 23088 99416 36 47461
a 27744 1580 1920 26162 32 6300 1558 23088 99416 36 49041
a 29330 1582 1980 27744 33 7882 1558 23088 99416 36 50623
a 30918 1586 2040 29330 34 9468 1558 23088 99416 36 52209
a 32510 1588 2100 30918 35 0 1579 23088 99416 36 53797
a 1340 1592 2160 32510 36 1592 1579 23088 99416 36 55389
a 2941 1598 2220 1340 37 3190 1579 2168 99416 36 56987
a 4545 1601 2280 2941 38 4791 1579 2168 99416 36 58588
a 6152 1604 2340 4545 39 6395 1579 2168 99416 36 60192
a 7762 1607 2400 6152 40 8002 1579 2168 99416 36 61799
a 9375 1610 2460 7762 41 9612 1579 2168 99416 36 63409
a 10991 1613 2520 9375 42 0 1603 2168 99416 36 65022
a 12610 1616 2580 10991 43 1616 1603 2168 99416 36 66638
a 14232 1619 2640 12610 44 3235 1603 14266 99416 36 68257
a 15857 1622 2700 14232 45 4857 1603 14266 99416 36 69879
a 17485 1625 2760 15857 46 6482 1603 14266 99416 36 71504
a 19116 1628 2820 17485 47 8110 1603 14266 99416 36 73132
a 20750 1631 2880 19116 48 9741 1603 14266 99416 36 74763
a 22387 1634 2940 20750 49 0 1625 14266 99416 36 76397
a 24027 1637 3000 22387 50 1637 1625 14266 99416 36 78034
a 25670 1640 3060 24027 51 3277 1625 14266 99416 36 79674
a 27316 1643 3120 25670 52 4920 1625 26498 99416 36 81317
a 28965 1646 3180 27316 53 6566 1625 26498 99416 36 82963
a 30617 1649 3240 28965 54 8215 1625 26498 99416 36 84612
a 32272 1652 3300 30617 55 9867 1625 26498 99416 36 86264
a 1160 1655 3360 32272 56 0 1646 26498 99416 36 87919
a 2819 1656 3420 1160 57 1656 1646 26498 99416 36 89575
a 4481 1659 3480 2819 58 3315 1646 26498 99416 36 91234
a 7812 1662 3540 4481 59 4977 1646 6137 99416 36 92896
a 9484 1665 0 7812 0 6642 1646 6137 96227 37 0
a 11160 1672 60 9484 1 8314 1646 6137 96227 37 1672
a 12838 1676 120 11160 2 9990 1646 6137 96227 37 3348
a 14520 1678 180 12838 3 11668 1646 6137 96227 37 5026
a 16204 1682 240 14520 4 13350 1646 6137 96227 37 6708
a 17892 1684 300 16204 5 15034 1646 6137 96227 37 8392
a 19582 1688 360 17892 6 16722 1646 6137 96227 37 10080
a 21276 1690 420 19582 7 0 2630 20383 96227 37 11770
a 22972 1694 480 21276 8 1694 2630 20383 96227 37 13464
a 24672 1696 540 22972 9 3390 2630 20383 96227 37 15160
a 26374 1700 600 24672 10 5090 2630 20383 96227 37 16860
a 28080 1702 660 26374 11 6792 2630 20383 96227 37 18562
a 29788 1706 720 28080 12 8498 2630 20383 96227 37 20268
a 31500 1708 780 29788 13 10206 2630 20383 96227 37 21976
a 450 1712 840 31500 14 0 1702 336 96227 37 23688
a 2171 1718 900 450 15 1718 1702 336 96227 37 25406
a 3895 1721 960 2171 16 3439 1702 336 96227 37 27127
a 5622 1724 1020 3895 17 5163 1702 336 96227 37 28851
a 7352 1727 1080 5622 18 6890 1702 336 96227 37 30578
a 9085 1730 1140 7352 19 8620 1702 336 96227 37 32308
a 10821 1733 1200 9085 20 10353 1702 336 96227 37 34041
a 12560 1736 1260 10821 21 0 1727 336 96227 37 35777
a 14302 1739 1320 12560 22 1739 1727 13361 96227 37 37516
a 16047 1742 1380 14302 23 3481 1727 13361 96227 37 39258
a 17795 1745 1440 16047 24 5226 1727 13361 96227 37 41003
a 19546 1748 1500 17795 25 6974 1727 13361 96227 37 42751
a 21300 1751 1560 19546 26 8725 1727 13361 96227 37 44502
a 23057 1754 1620 21300 27 10479 1727 13361 96227 37 46256
a 24817 1757 1680 23057 28 0 1748 13361 96227 37 48013
a 26580 1760 1740 24817 29 1760 1748 26420 96227 37 49773
a 28346 1763 1800 26580 30 3523 1748 26420 96227 37 51536
a 30115 1766 1860 28346 31 5289 1748 26420 96227 37 53302
a 31887 1769 1920 30115 32 7058 1748 26420 96227 37 55071
a 900 1772 1980 31887 33 8830 1748 26420 96227 37 56843
a 2684 1781 2040 900 34 10611 1748 26420 96227 37 58624
a 4471 1784 2100 2684 35 0 1770 26420 96227 37 60408
a 6261 1787 2160 4471 36 1787 1770 26420 96227 37 62195
a 8054 1790 2220 6261 37 3577 1770 7062 96227 37 63985
a 9850 1793 2280 8054 38 5370 1770 7062 96227 37 65778
a 11649 1796 2340 9850 39 7166 1770 7062 96227 37 67574
a 13451 1799 2400 11649 40 8965 1770 7062 96227 37 69373
a 15256 1802 2460 13451 41 10767 1770 7062 96227 37 71175
a 17064 1805 2520 15256 42 0 1796 7062 96227 37 72980
a 18875 1808 2580 17064 43 1808 1796 7062 96227 37 74788
a 20689 1811 2640 18875 44 3619 1796 20478 96227 37 76599
a 22503 1814 2700 20689 45 5433 1796 20478 96227 37 78413
a 24317 1814 2760 22503 46 7247 1796 20478 96227 37 80227
a 26131 1814 2820 24317 47 9061 1796 20478 96227 37 82041
a 27945 1814 2880 26131 48 10875 1796 20478 96227 37 83855
a 29759 1814 2940 27945 49 0 1812 20478 96227 37 85669
a 31573 1814 3000 29759 50 1814 1812 20478 96227 37 87483
a 620 1814 3060 31573 51 3628 1812 20478 96227 37 89297
a 2435 1815 3120 620 52 5443 1812 1421 96227 37 91112
a 4250 1815 3180 2435 53 7258 1812 1421 96227 37 92927
a 6065 1815 3240 4250 54 9073 1812 1421 96227 37 94742
a 7880 1815 3300 6065 55 10888 1812 1421 96227 37 96557
a 9695 1815 3360 7880 56 0 1814 1421 96227 37 98372
a 11510 1815 3420 9695 57 1815 1814 1421 96227 37 100187
a 13325 1815 3480 11510 58 3630 1814 1421 96227 37 102002
a 16962 1815 3540 13325 59 5445 1814 14928 96227 37 103817
a 18787 1818 0 16962 0 7263 1814 14928 107454 33 0
a 20613 1825 60 18787 1 9088 1814 14928 107454 33 1825
a 22438 1826 120 20613 2 10914 1814 14928 107454 33 3651
a 24264 1825 180 22438 3 12739 1814 14928 107454 33 5476
a 26089 1826 240 24264 4 14565 1814 14928 107454 33 7302
a 27915 1825 300 26089 5 16390 1814 14928 107454 33 9127
a 29740 1826 360 27915 6 18216 1814 14928 107454 33 10953
a 31566 1825 420 29740 7 0 2863 30635 107454 33 12778
a 620 1826 480 31566 8 1826 2863 30635 107454 33 14604
a 2442 1822 540 620 9 3648 2863 30635 107454 33 16426
a 4264 1822 600 2442 10 5470 2863 30635 107454 33 18248
a 123 1822 660 4264 11 7292 2863 30635 107454 33 20070
a 456 14313 0 123 0 21605 2863 30635 48697 73 0
a 796 333 60 456 1 21938 2863 30635 48697 73 333
a 1143 340 120 796 2 22278 2863 30635 48697 73 673
a 1497 347 180 1143 3 22625 2863 30635 48697 73 1020
a 1858 354 240 1497 4 22979 2863 30635 48697 73 1374
a 2226 361 300 1858 5 23340 2863 30635 48697 73 1735
a 2601 368 360 2226 6 23708 2863 30635 48697 73 2103
a 3358 375 420 2601 7 0 3440 3006 48697 73 2478
a 3743 757 480 3358 8 757 3440 3006 48697 73 3235
a 4136 385 540 3743 9 1142 3440 3006 48697 73 3620
a 4535 393 600 4136 10 1535 3440 3006 48697 73 4013
a 4942 399 660 4535 11 1934 3440 3006 48697 73 4412
a 5355 407 720 4942 12 2341 3440 3006 48697 73 4819
a 5776 413 780 5355 13 2754 3440 3006 48697 73 5232
a 6203 421 840 5776 14 0 453 6587 48697 73 5653
a 6638 427 900 6203 15 427 453 6587 48697 73 6080
a 7079 435 960 6638 16 862 453 6587 48697 73 6515
a 7528 441 1020 7079 17 1303 453 6587 48697 73 6956
a 7983 449 1080 7528 18 1752 453 6587 48697 73 7405
a 8446 455 1140 7983 19 2207 453 6587 48697 73 7860
a 8915 463 1200 8446 20 2670 453 6587 48697 73 8323
a 9392 469 1260 8915 21 0 448 6587 48697 73 8792
a 9875 477 1320 9392 22 477 448 9797 48697 73 9269
a 10366 483 1380 9875 23 960 448 9797 48697 73 9752
a 10863 491 1440 10366 24 1451 448 9797 48697 73 10243
a 11368 497 1500 10863 25 1948 448 9797 48697 73 10740
a 11879 505 1560 11368 26 2453 448 9797 48697 73 11245
a 12398 511 1620 11879 27 2964 448 9797 48697 73 11756
a 12923 519 1680 12398 28 0 497 9797 48697 73 12275
a 13456 525 1740 12923 29 525 497 13734 48697 73 12800
a 13995 533 1800 13456 30 1058 497 13734 48697 73 13333
a 14542 539 1860 13995 31 1597 497 13734 48697 73 13872
a 15095 547 1920 14542 32 2144 497 13734 48697 73 14419
a 15656 553 1980 15095 33 2697 497 13734 48697 73 14972
a 16223 561 2040 15656 34 3258 497 13734 48697 73 15533
a 16798 567 2100 16223 35 0 546 13734 48697 73 16100
a 17379 575 2160 16798 36 575 546 13734 48697 73 16675
a 17968 581 2220 17379 37 1156 546 17784 48697 73 17256
a 18563 589 2280 17968 38 1745 546 17784 48697 73 17845
a 19166 595 2340 18563 39 2340 546 17784 48697 73 18440
a 19775 603 2400 19166 40 2943 546 17784 48697 73 19043
a 20392 609 2460 19775 41 3552 546 17784 48697 73 19652
a 21015 617 2520 20392 42 0 595 17784 48697 73 20269
a 21646 623 2580 21015 43 623 595 17784 48697 73 20892
a 22283 631 2640 21646 44 1254 595 22457 48697 73 21523
a 22928 637 2700 22283 45 1891 595 22457 48697 73 22160
a 23579 645 2760 22928 46 2536 595 22457 48697 73 22805
a 24238 651 2820 23579 47 3187 595 22457 48697 73 23456
a 24903 659 2880 24238 48 3846 595 22457 48697 73 24115
a 25576 665 2940 24903 49 0 644 22457 48697 73 24780
a 26255 673 3000 25576 50 673 644 22457 48697 73 25453
a 26942 679 3060 26255 51 1352 644 22457 48697 73 26132
a 27635 687 3120 26942 52 2039 644 27347 48697 73 26819
a 28336 693 3180 27635 53 2732 644 27347 48697 73 27512
a 29043 701 3240 28336 54 3433 644 27347 48697 73 28213
a 29758 707 3300 29043 55 4140 644 27347 48697 73 28920
a 30479 715 3360 29758 56 0 693 27347 48697 73 29635
a 31208 721 3420 30479 57 721 693 27347 48697 73 30356
a 31943 729 3480 31208 58 1450 693 27347 48697 73 31085
a 32686 735 3540 31943 59 2185 693 32754 48697 73 31820
a 668 743 3600 32686 60 2928 693 32754 48697 73 32563
a 1425 750 3660 668 61 3678 693 32754 48697 73 33313
a 2189 757 3720 1425 62 4435 693 32754 48697 73 34070
a 2960 764 3780 2189 63 0 742 32754 48697 73 34834
a 3738 771 3840 2960 64 771 742 32754 48697 73 35605
a 4523 778 3900 3738 65 1549 742 32754 48697 73 36383
a 5315 785 3960 4523 66 2334 742 32754 48697 73 37168
a 6906 792 4020 5315 67 3126 742 32754 48697 73 37960
a 7708 795 0 6906 0 3921 742 32754 39551 91 0
a 8518 802 60 7708 1 4723 742 32754 39551 91 802
a 9334 810 120 8518 2 5533 742 32754 39551 91 1612
a 10158 816 180 9334 3 6349 742 32754 39551 91 2428
a 10988 824 240 10158 4 7173 742 32754 39551 91 3252
a 11826 830 300 10988 5 8003 742 32754 39551 91 4082
a 12670 838 360 11826 6 8841 742 32754 39551 91 4920
a 13522 844 420 12670 7 0 1383 12999 39551 91 5764
a 14380 852 480 13522 8 852 1383 12999 39551 91 6616
a 15246 858 540 14380 9 1710 1383 12999 39551 91 7474
a 16118 866 600 15246 10 2576 1383 12999 39551 91 8340
a 16998 872 660 16118 11 3448 1383 12999 39551 91 9212
a 17884 880 720 16998 12 4328 1383 12999 39551 91 10092
a 18778 886 780 17884 13 5214 1383 12999 39551 91 10978
a 19678 894 840 18778 14 0 872 19437 39551 91 11872
a 20586 900 900 19678 15 900 872 19437 39551 91 12772
a 21500 908 960 20586 16 1808 872 19437 39551 91 13680
a 22422 914 1020 21500 17 2722 872 19437 39551 91 14594
a 23350 922 1080 22422 18 3644 872 19437 39551 91 15516
a 24286 928 1140 23350 19 4572 872 19437 39551 91 16444
a 25228 936 1200 24286 20 5508 872 19437 39551 91 17380
a 26178 942 1260 25228 21 0 921 19437 39551 91 18322
a 27134 950 1320 26178 22 950 921 26507 39551 91 19272
a 28098 956 1380 27134 23 1906 921 26507 39551 91 20228
a 29068 964 1440 28098 24 2870 921 26507 39551 91 21192
a 30046 970 1500 29068 25 3840 921 26507 39551 91 22162
a 31030 978 1560 30046 26 4818 921 26507 39551 91 23140
a 32022 984 1620 31030 27 5802 921 26507 39551 91 24124
a 250 992 1680 32022 28 0 970 26507 39551 91 25116
a 1253 996 1740 250 29 996 970 909 39551 91 26112
a 2263 1003 1800 1253 30 1999 970 909 39551 91 27115
a 3280 1010 1860 2263 31 3009 970 909 39551 91 28125
a 4304 1017 1920 3280 32 4026 970 909 39551 91 29142
a 5335 1024 1980 4304 33 5050 970 909 39551 91 30166
a 6373 1031 2040 5335 34 6081 970 909 39551 91 31197
a 7418 1038 2100 6373 35 0 1017 909 39551 91 32235
a 8470 1045 2160 7418 36 1045 1017 909 39551 91 33280
a 9529 1052 2220 8470 37 2097 1017 8799 39551 91 34332
a 10595 1059 2280 9529 38 3156 1017 8799 39551 91 35391
a 11668 1066 2340 10595 39 4222 1017 8799 39551 91 36457
a 12748 1073 2400 11668 40 5295 1017 8799 39551 91 37530
a 13835 1080 2460 12748 41 6375 1017 8799 39551 91 38610
a 14929 1087 2520 13835 42 0 1066 8799 39551 91 39697
a 16030 1094 2580 14929 43 1094 1066 8799 39551 91 40791
a 17138 1101 2640 16030 44 2195 1066 16689 39551 91 41892
a 18253 1108 2700 17138 45 3303 1066 16689 39551 91 43000
a 19375 1115 2760 18253 46 4418 1066 16689 39551 91 44115
a 20504 1122 2820 19375 47 5540 1066 16689 39551 91 45237
a 21640 1129 2880 20504 48 6669 1066 16689 39551 91 46366
a 22783 1136 2940 21640 49 0 1115 16689 39551 91 47502
a 23933 1143 3000 22783 50 1143 1115 16689 39551 91 48645
a 25090 1150 3060 23933 51 2293 1115 16689 39551 91 49795
a 26254 1157 3120 25090 52 3450 1115 25419 39551 91 50952
a 27425 1164 3180 26254 53 4614 1115 25419 39551 91 52116
a 28603 1171 3240 27425 54 5785 1115 25419 39551 91 53287
a 29788 1178 3300 28603 55 6963 1115 25419 39551 91 54465
a 30980 1185 3360 29788 56 0 1164 25419 39551 91 55650
a 32179 1192 3420 30980 57 1192 1164 25419 39551 91 56842
a 620 1199 3480 32179 58 2391 1164 25419 39551 91 58041
a 3045 1209 3540 620 59 3600 1164 1279 39551 91 59250
a 4264 1212 0 3045 0 4812 1164 1279 61675 58 0
a 5491 1219 60 4264 1 6031 1164 1279 61675 58 1219
a 6724 1227 120 5491 2 7258 1164 1279 61675 58 2446
a 7965 1233 180 6724 3 8491 1164 1279 61675 58 3679
a 9212 1241 240 7965 4 9732 1164 1279 61675 58 4920
a 10467 1247 300 9212 5 10979 1164 1279 61675 58 6167
a 11728 1255 360 10467 6 12234 1164 1279 61675 58 7422
a 12997 1261 420 11728 7 0 1927 12241 61675 58 8683
a 14272 1269 480 12997 8 1269 1927 12241 61675 58 9952
a 15555 1275 540 14272 9 2544 1927 12241 61675 58 11227
a 16844 1283 600 15555 10 3827 1927 12241 61675 58 12510
a 18141 1289 660 16844 11 5116 1927 12241 61675 58 13799
a 19444 1297 720 18141 12 6413 1927 12241 61675 58 15096
a 20755 1303 780 19444 13 7716 1927 12241 61675 58 16399
a 22072 1311 840 20755 14 0 1289 21782 61675 58 17710
a 23397 1317 900 22072 15 1317 1289 21782 61675 58 19027
a 24728 1325 960 23397 16 2642 1289 21782 61675 58 20352
a 26067 1331 1020 24728 17 3973 1289 21782 61675 58 21683
a 27412 1339 1080 26067 18 5312 1289 21782 61675 58 23022
a 28765 1345 1140 27412 19 6657 1289 21782 61675 58 24367
a 30124 1353 1200 28765 20 8010 1289 21782 61675 58 25720
a 31491 1359 1260 30124 21 0 1338 21782 61675 58 27079
a 100 1367 1320 31491 22 1367 1338 32004 61675 58 28446
a 1484 1377 1380 100 23 2744 1338 32004 61675 58 29823
a 2875 1384 1440 1484 24 4128 1338 32004 61675 58 31207
a 4273 1391 1500 2875 25 5519 1338 32004 61675 58 32598
a 5678 1398 1560 4273 26 6917 1338 32004 61675 58 33996
a 7090 1405 1620 5678 27 8322 1338 32004 61675 58 35401
a 8509 1412 1680 7090 28 0 1390 32004 61675 58 36813
a 9935 1419 1740 8509 29 1419 1390 9536 61675 58 38232
a 11368 1426 1800 9935 30 2845 1390 9536 61675 58 39658
a 12808 1433 1860 11368 31 4278 1390 9536 61675 58 41091
a 14255 1440 1920 12808 32 5718 1390 9536 61675 58 42531
a 15709 1447 1980 14255 33 7165 1390 9536 61675 58 43978
a 17170 1454 2040 15709 34 8619 1390 9536 61675 58 45432
a 18638 1461 2100 17170 35 0 1440 9536 61675 58 46893
a 20113 1468 2160 18638 36 1468 1440 9536 61675 58 48361
a 21595 1475 2220 20113 37 2943 1440 20626 61675 58 49836
a 23084 1482 2280 21595 38 4425 1440 20626 61675 58 51318
a 24580 1489 2340 23084 39 5914 1440 20626 61675 58 52807
a 26083 1496 2400 24580 40 7410 1440 20626 61675 58 54303
a 27593 1503 2460 26083 41 8913 1440 20626 61675 58 55806
a 29110 1510 2520 27593 42 0 1489 20626 61675 58 57316
a 30634 1517 2580 29110 43 1517 1489 20626 61675 58 58833
a 32165 1524 2640 30634 44 3041 1489 31661 61675 58 60357
a 930 1531 2700 32165 45 4572 1489 31661 61675 58 61888
a 2470 1533 2760 930 46 6105 1489 31661 61675 58 63421
a 4017 1540 2820 2470 47 7645 1489 31661 61675 58 64961
a 5571 1547 2880 4017 48 9192 1489 31661 61675 58 66508
a 7132 1554 2940 5571 49 0 1535 31661 61675 58 68062
a 8700 1561 3000 7132 50 1561 1535 31661 61675 58 69623
a 10275 1568 3060 8700 51 3129 1535 31661 61675 58 71191
a 11857 1575 3120 10275 52 4704 1535 10788 61675 58 72766
a 13446 1582 3180 11857 53 6286 1535 10788 61675 58 74348
a 15042 1589 3240 13446 54 7875 1535 10788 61675 58 75937
a 16645 1596 3300 15042 55 9471 1535 10788 61675 58 77533
a 18255 1603 3360 16645 56 0 1582 10788 61675 58 79136
a 19872 1610 3420 18255 57 1610 1582 10788 61675 58 80746
a 21496 1617 3480 19872 58 3227 1582 10788 61675 58 82363
a 24751 1624 3540 21496 59 4851 1582 22523 61675 58 83987
a 26385 1627 0 24751 0 6478 1582 22523 87242 41 0
a 28027 1634 60 26385 1 8112 1582 22523 87242 41 1634
a 29675 1642 120 28027 2 9754 1582 22523 87242 41 3276
a 31331 1648 180 29675 3 11402 1582 22523 87242 41 4924
a 230 1656 240 31331 4 13058 1582 22523 87242 41 6580
a 1904 1667 300 230 5 14725 1582 22523 87242 41 8247
a 3585 1674 360 1904 6 16399 1582 22523 87242 41 9921
a 5273 1681 420 3585 7 0 2582 4312 87242 41 11602
a 6968 1688 480 5273 8 1688 2582 4312 87242 41 13290
a 8670 1695 540 6968 9 3383 2582 4312 87242 41 14985
a 10379 1702 600 8670 10 5085 2582 4312 87242 41 16687
a 12095 1709 660 10379 11 6794 2582 4312 87242 41 18396
a 13818 1716 720 12095 12 8510 2582 4312 87242 41 20112
a 15548 1723 780 13818 13 10233 2582 4312 87242 41 21835
a 17285 1730 840 15548 14 0 1709 17002 87242 41 23565
a 19029 1737 900 17285 15 1737 1709 17002 87242 41 25302
a 20780 1744 960 19029 16 3481 1709 17002 87242 41 27046
a 22538 1751 1020 20780 17 5232 1709 17002 87242 41 28797
a 24303 1758 1080 22538 18 6990 1709 17002 87242 41 30555
a 26075 1765 1140 24303 19 8755 1709 17002 87242 41 32320
a 27854 1772 1200 26075 20 10527 1709 17002 87242 41 34092
a 29640 1779 1260 27854 21 0 1758 17002 87242 41 35871
a 31433 1786 1320 29640 22 1786 1758 30367 87242 41 37657
a 460 1793 1380 31433 23 3579 1758 30367 87242 41 39450
a 2262 1795 1440 460 24 5374 1758 30367 87242 41 41245
a 4071 1802 1500 2262 25 7176 1758 30367 87242 41 43047
a 5887 1809 1560 4071 26 8985 1758 30367 87242 41 44856
a 7710 1816 1620 5887 27 10801 1758 30367 87242 41 46672
a 9540 1823 1680 7710 28 0 1803 30367 87242 41 48495
a 11377 1830 1740 9540 29 1830 1803 10994 87242 41 50325
a 13221 1837 1800 11377 30 3667 1803 10994 87242 41 52162
a 15072 1844 1860 13221 31 5511 1803 10994 87242 41 54006
a 16930 1851 1920 15072 32 7362 1803 10994 87242 41 55857
a 18795 1858 1980 16930 33 9220 1803 10994 87242 41 57715
a 20667 1865 2040 18795 34 11085 1803 10994 87242 41 59580
a 22546 1872 2100 20667 35 0 1851 10994 87242 41 61452
a 24432 1879 2160 22546 36 1879 1851 10994 87242 41 63331
a 26325 1886 2220 24432 37 3765 1851 25159 87242 41 65217
a 28225 1893 2280 26325 38 5658 1851 25159 87242 41 67110
a 30132 1900 2340 28225 39 7558 1851 25159 87242 41 69010
a 32046 1907 2400 30132 40 9465 1851 25159 87242 41 70917
a 1200 1914 2460 32046 41 11379 1851 25159 87242 41 72831
a 3129 1922 2520 1200 42 0 1900 25159 87242 41 74753
a 5065 1929 2580 3129 43 1929 1900 25159 87242 41 76682
a 7008 1936 2640 5065 44 3865 1900 6519 87242 41 78618
a 8958 1943 2700 7008 45 5808 1900 6519 87242 41 80561
a 10915 1950 2760 8958 46 7758 1900 6519 87242 41 82511
a 12879 1957 2820 10915 47 9715 1900 6519 87242 41 84468
a 14850 1964 2880 12879 48 11679 1900 6519 87242 41 86432
a 16828 1971 2940 14850 49 0 1950 6519 87242 41 88403
a 18813 1978 3000 16828 50 1978 1950 6519 87242 41 90381
a 20805 1985 3060 18813 51 3963 1950 6519 87242 41 92366
a 22804 1992 3120 20805 52 5955 1950 21532 87242 41 94358
a 24810 1999 3180 22804 53 7954 1950 21532 87242 41 96357
a 26823 2006 3240 24810 54 9960 1950 21532 87242 41 98363
a 28843 2013 3300 26823 55 11973 1950 21532 87242 41 100376
a 30870 2020 3360 28843 56 0 1999 21532 87242 41 102396
a 130 2027 3420 30870 57 2027 1999 21532 87242 41 104423
a 2165 2028 3480 130 58 4055 1999 21532 87242 41 106451
a 6242 2035 3540 2165 59 6090 1999 3619 87242 41 108486
a 8287 2038 0 6242 0 8128 1999 3619 112563 31 0
a 10340 2045 60 8287 1 10173 1999 3619 112563 31 2045
a 12399 2053 120 10340 2 12226 1999 3619 112563 31 4098
a 14466 2059 180 12399 3 14285 1999 3619 112563 31 6157
a 16539 2067 240 14466 4 16352 1999 3619 112563 31 8224
a 18620 2073 300 16539 5 18425 1999 3619 112563 31 10297
a 20707 2081 360 18620 6 20506 1999 3619 112563 31 12378
a 22802 2087 420 20707 7 0 3227 21645 112563 31 14465
a 24903 2095 480 22802 8 2095 3227 21645 112563 31 16560
a 27012 2101 540 24903 9 4196 3227 21645 112563 31 18661
a 29127 2109 600 27012 10 6305 3227 21645 112563 31 20770
a 31250 2115 660 29127 11 8420 3227 21645 112563 31 22885
a 610 2123 720 31250 12 10543 3227 21645 112563 31 25008
a 2745 2128 780 610 13 12671 3227 21645 112563 31 27136
a 4887 2135 840 2745 14 0 2115 4621 112563 31 29271
a 7036 2142 900 4887 15 2142 2115 4621 112563 31 31413
a 9192 2149 960 7036 16 4291 2115 4621 112563 31 33562
a 11355 2156 1020 9192 17 6447 2115 4621 112563 31 35718
a 13525 2163 1080 11355 18 8610 2115 4621 112563 31 37881
a 15702 2170 1140 13525 19 10780 2115 4621 112563 31 40051
a 17886 2177 1200 15702 20 12957 2115 4621 112563 31 42228
a 20077 2184 1260 17886 21 0 2163 4621 112563 31 44412
a 22275 2191 1320 20077 22 2191 2163 21015 112563 31 46603
a 24480 2198 1380 22275 23 4389 2163 21015 112563 31 48801
a 26692 2205 1440 24480 24 6594 2163 21015 112563 31 51006
a 28911 2212 1500 26692 25 8806 2163 21015 112563 31 53218
a 31137 2219 1560 28911 26 11025 2163 21015 112563 31 55437
a 600 2226 1620 31137 27 13251 2163 21015 112563 31 57663
a 2838 2231 1680 600 28 0 2211 21015 112563 31 59894
a 5083 2238 1740 2838 29 2238 2211 4714 112563 31 62132
a 7335 2245 1800 5083 30 4483 2211 4714 112563 31 64377
a 9594 2252 1860 7335 31 6735 2211 4714 112563 31 66629
a 11860 2259 1920 9594 32 8994 2211 4714 112563 31 68888
a 14133 2266 1980 11860 33 11260 2211 4714 112563 31 71154
a 16413 2273 2040 14133 34 13533 2211 4714 112563 31 73427
a 18700 2280 2100 16413 35 0 2259 4714 112563 31 75707
a 20994 2287 2160 18700 36 2287 2259 4714 112563 31 77994
a 23295 2294 2220 20994 37 4581 2259 21932 112563 31 80288
a 25603 2301 2280 23295 38 6882 2259 21932 112563 31 82589
a 27918 2308 2340 25603 39 9190 2259 21932 112563 31 84897
a 30240 2315 2400 27918 40 11505 2259 21932 112563 31 87212
a 32569 2322 2460 30240 41 13827 2259 21932 112563 31 89534
a 2140 2329 2520 32569 42 0 2308 21932 112563 31 91863
a 4486 2339 2580 2140 43 2339 2308 21932 112563 31 94202
a 6812 2346 2640 4486 44 4685 2308 6362 112563 31 96548
a 9118 2326 2700 6812 45 7011 2308 6362 112563 31 98874
a 11404 2306 2760 9118 46 9317 2308 6362 112563 31 101180
a 13670 2286 2820 11404 47 11603 2308 6362 112563 31 103466
a 15916 2266 2880 13670 48 13869 2308 6362 112563 31 105732
a 18142 2246 2940 15916 49 0 2302 6362 112563 31 107978
a 20348 2226 3000 18142 50 2226 2302 6362 112563 31 110204
a 22534 2206 3060 20348 51 4432 2302 6362 112563 31 112410
a 24700 2186 3120 22534 52 6618 2302 23472 112563 31 114596
a 26846 2166 3180 24700 53 8784 2302 23472 112563 31 116762
a 28972 2146 3240 26846 54 10930 2302 23472 112563 31 118908
a 31078 2126 3300 28972 55 13056 2302 23472 112563 31 121034
a 430 2106 3360 31078 56 0 2166 23472 112563 31 123140
a 2530 2120 3420 430 57 2120 2166 23472 112563 31 125260
a 4610 2100 3480 2530 58 4220 2166 23472 112563 31 127360
a 8777 2080 3540 4610 59 6300 2166 6486 112563 31 129440
a 10867 2083 0 8777 0 8383 2166 6486 133607 26 0
a 12938 2090 60 10867 1 10473 2166 6486 133607 26 2090
a 14988 2071 120 12938 2 12544 2166 6486 133607 26 4161
a 17019 2050 180 14988 3 14594 2166 6486 133607 26 6211
a 19029 2031 240 17019 4 16625 2166 6486 133607 26 8242
a 21020 2010 300 19029 5 18635 2166 6486 133607 26 10252
a 22990 1991 360 21020 6 20626 2166 6486 133607 26 12243
a 24941 1970 420 22990 7 0 3228 24103 133607 26 14213
a 26871 1951 480 24941 8 1951 3228 24103 133607 26 16164
a 28782 1930 540 26871 9 3881 3228 24103 133607 26 18094
a 30672 1911 600 28782 10 5792 3228 24103 133607 26 20005
a 32543 1890 660 30672 11 7682 3228 24103 133607 26 21895
a 1650 1871 720 32543 12 9553 3228 24103 133607 26 23766
a 3505 1875 780 1650 13 11428 3228 24103 133607 26 25641
a 5340 1855 840 3505 14 0 1897 5731 133607 26 27496
a 7155 1835 900 5340 15 1835 1897 5731 133607 26 29331
a 8950 1815 960 7155 16 3650 1897 5731 133607 26 31146
a 10725 1795 1020 8950 17 5445 1897 5731 133607 26 32941
a 12480 1775 1080 10725 18 7220 1897 5731 133607 26 34716
a 14215 1755 1140 12480 19 8975 1897 5731 133607 26 36471
a 15930 1735 1200 14215 20 10710 1897 5731 133607 26 38206
a 17625 1715 1260 15930 21 0 1775 5731 133607 26 39921
a 19300 1695 1320 17625 22 1695 1775 18738 133607 26 41616
a 20955 1675 1380 19300 23 3370 1775 18738 133607 26 43291
a 22590 1655 1440 20955 24 5025 1775 18738 133607 26 44946
a 24205 1635 1500 22590 25 6660 1775 18738 133607 26 46581
a 25800 1615 1560 24205 26 8275 1775 18738 133607 26 48196
a 27375 1595 1620 25800 27 9870 1775 18738 133607 26 49791
a 28930 1575 1680 27375 28 0 1635 18738 133607 26 51366
a 30465 1555 1740 28930 29 1555 1635 31156 133607 26 52921
a 31980 1535 1800 30465 30 3090 1635 31156 133607 26 54456
a 720 1515 1860 31980 31 4605 1635 31156 133607 26 55971
a 2208 1508 1920 720 32 6113 1635 31156 133607 26 57479
a 3676 1488 1980 2208 33 7601 1635 31156 133607 26 58967
a 5124 1468 2040 3676 34 9069 1635 31156 133607 26 60435
a 6552 1448 2100 5124 35 0 1502 31156 133607 26 61883
a 7960 1428 2160 6552 36 1428 1502 31156 133607 26 63311
a 9371 1408 2220 7960 37 2836 1502 9073 133607 26 64719
a 10785 1411 2280 9371 38 4247 1502 9073 133607 26 66130
a 12202 1414 2340 10785 39 5661 1502 9073 133607 26 67544
a 13622 1417 2400 12202 40 7078 1502 9073 133607 26 68961
a 15045 1420 2460 13622 41 8498 1502 9073 133607 26 70381
a 16471 1423 2520 15045 42 0 1417 9073 133607 26 71804
a 17900 1426 2580 16471 43 1426 1417 9073 133607 26 73230
a 19332 1429 2640 17900 44 2855 1417 20126 133607 26 74659
a 20767 1432 2700 19332 45 4287 1417 20126 133607 26 76091
a 22205 1435 2760 20767 46 5722 1417 20126 133607 26 77526
a 23646 1438 2820 22205 47 7160 1417 20126 133607 26 78964
a 25090 1441 2880 23646 48 8601 1417 20126 133607 26 80405
a 26537 1444 2940 25090 49 0 1435 20126 133607 26 81849
a 27987 1447 3000 26537 50 1447 1435 20126 133607 26 83296
a 29440 1450 3060 27987 51 2897 1435 20126 133607 26 84746
a 30896 1453 3120 29440 52 4350 1435 30553 133607 26 86199
a 32355 1456 3180 30896 53 5806 1435 30553 133607 26 87655
a 1050 1459 3240 32355 54 7265 1435 30553 133607 26 89114
a 2516 1463 3300 1050 55 8728 1435 30553 133607 26 90577
a 3985 1466 3360 2516 56 0 1456 30553 133607 26 92043
a 5457 1469 3420 3985 57 1469 1456 30553 133607 26 93512
a 6932 1472 3480 5457 58 2941 1456 30553 133607 26 94984
a 9889 1475 3540 6932 59 4416 1456 9158 133607 26 96459
a 11374 1478 0 9889 0 5894 1456 9158 99416 36 0
a 12863 1485 60 11374 1 7379 1456 9158 99416 36 1485
a 14354 1489 120 12863 2 8868 1456 9158 99416 36 2974
a 15849 1491 180 14354 3 10359 1456 9158 99416 36 4465
a 17346 1495 240 15849 4 11854 1456 9158 99416 36 5960
a 18847 1497 300 17346 5 13351 1456 9158 99416 36 7457
a 20350 1501 360 18847 6 14852 1456 9158 99416 36 8958
a 21857 1503 420 20350 7 0 2336 21178 99416 36 10461
a 23366 1507 480 21857 8 1507 2336 21178 99416 36 11968
a 24879 1509 540 23366 9 3016 2336 21178 99416 36 13477
a 26394 1513 600 24879 10 4529 2336 21178 99416 36 14990
a 27913 1515 660 26394 11 6044 2336 21178 99416 36 16505
a 29434 1519 720 27913 12 7563 2336 21178 99416 36 18024
a 30959 1521 780 29434 13 9084 2336 21178 99416 36 19545
a 32486 1525 840 30959 14 0 1515 32615 99416 36 21070
a 1250 1527 900 32486 15 1527 1515 32615 99416 36 22597
a 2784 1532 960 1250 16 3059 1515 32615 99416 36 24129
a 4322 1534 1020 2784 17 4593 1515 32615 99416 36 25663
a 5862 1538 1080 4322 18 6131 1515 32615 99416 36 27201
a 7406 1540 1140 5862 19 7671 1515 32615 99416 36 28741
a 8952 1544 1200 7406 20 9215 1515 32615 99416 36 30285
a 10502 1546 1260 8952 21 0 1537 32615 99416 36 31831
a 12054 1550 1320 10502 22 1550 1537 11330 99416 36 33381
a 13610 1552 1380 12054 23 3102 1537 11330 99416 36 34933
a 15168 1556 1440 13610 24 4658 1537 11330 99416 36 36489
a 16730 1558 1500 15168 25 6216 1537 11330 99416 36 38047
a 18294 1562 1560 16730 26 7778 1537 11330 99416 36 39609
a 19862 1564 1620 18294 27 9342 1537 11330 99416 36 41173
a 21432 1568 1680 19862 28 0 1558 11330 99416 36 42741
a 23006 1570 1740 21432 29 1570 1558 23088 99416 36 44311
a 24582 1574 1800 23006 30 3144 1558 23088 99416 36 45885
a 26162 1576 1860 24582 31 4720 1558 23088 99416 36 47461
a 27744 1580 1920 26162 32 6300 1558 23088 99416 36 49041
a 29330 1582 1980 27744 33 7882 1558 23088 99416 36 50623
a 30918 1586 2040 29330 34 9468 1558 23088 99416 36 52209
a 32510 1588 2100 30918 35 0 1579 23088 99416 36 53797
a 1340 1592 2160 32510 36 1592 1579 23088 99416 36 55389
a 2941 1598 2220 1340 37 3190 1579 2168 99416 36 56987
a 4545 1601 2280 2941 38 4791 1579 2168 99416 36 58588
a 6152 1604 2340 4545 39 6395 1579 2168 99416 36 60192
a 7762 1607 2400 6152 40 8002 1579 2168 99416 36 61799
a 9375 1610 2460 7762 41 9612 1579 2168 99416 36 63409
a 10991 1613 2520 9375 42 0 1603 2168 99416 36 65022
a 12610 1616 2580 10991 43 1616 1603 2168 99416 36 66638
a 14232 1619 2640 12610 44 3235 1603 14266 99416 36 68257
a 15857 1622 2700 14232 45 4857 1603 14266 99416 36 69879
a 17485 1625 2760 15857 46 6482 1603 14266 99416 36 71504
a 19116 1628 2820 17485 47 8110 1603 14266 99416 36 73132
a 20750 1631 2880 19116 48 9741 1603 14266 99416 36 74763
a 22387 1634 2940 20750 49 0 1625 14266 99416 36 76397
a 24027 1637 3000 22387 50 1637 1625 14266 99416 36 78034
a 25670 1640 3060 24027 51 3277 1625 14266 99416 36 79674
a 27316 1643 3120 25670 52 4920 1625 26498 99416 36 81317
a 28965 1646 3180 27316 53 6566 1625 26498 99416 36 82963
a 30617 1649 3240 28965 54 8215 1625 26498 99416 36 84612
a 32272 1652 3300 30617 55 9867 1625 26498 99416 36 86264
a 1160 1655 3360 32272 56 0 1646 26498 99416 36 87919
a 2819 1656 3420 1160 57 1656 1646 26498 99416 36 89575
a 4481 1659 3480 2819 58 3315 1646 26498 99416 36 91234
a 7812 1662 3540 4481 59 4977 1646 6137 99416 36 92896
a 9484 1665 0 7812 0 6642 1646 6137 96227 37 0
a 11160 1672 60 9484 1 8314 1646 6137 96227 37 1672
a 12838 1676 120 11160 2 9990 1646 6137 96227 37 3348
a 14520 1678 180 12838 3 11668 1646 6137 96227 37 5026
a 16204 1682 240 14520 4 13350 1646 6137 96227 37 6708
a 17892 1684 300 16204 5 15034 1646 6137 96227 37 8392
a 19582 1688 360 17892 6 16722 1646 6137 96227 37 10080
a 21276 1690 420 19582 7 0 2630 20383 96227 37 11770
a 22972 1694 480 21276 8 1694 2630 20383 96227 37 13464
a 24672 1696 540 22972 9 3390 2630 20383 96227 37 15160
a 26374 1700 600 24672 10 5090 2630 20383 96227 37 16860
a 28080 1702 660 26374 11 6792 2630 20383 96227 37 18562
a 29788 1706 720 28080 12 8498 2630 20383 96227 37 20268
a 31500 1708 780 29788 13 10206 2630 20383 96227 37 21976
a 450 1712 840 31500 14 0 1702 336 96227 37 23688
a 2171 1718 900 450 15 1718 1702 336 96227 37 25406
a 3895 1721 960 2171 16 3439 1702 336 96227 37 27127
a 5622 1724 1020 3895 17 5163 1702 336 96227 37 28851
a 7352 1727 1080 5622 18 6890 1702 336 96227 37 30578
a 9085 1730 1140 7352 19 8620 1702 336 96227 37 32308
a 10821 1733 1200 9085 20 10353 1702 336 96227 37 34041
a 12560 1736 1260 10821 21 0 1727 336 96227 37 35777
a 14302 1739 1320 12560 22 1739 1727 13361 96227 37 37516
a 16047 1742 1380 14302 23 3481 1727 13361 96227 37 39258
a 17795 1745 1440 16047 24 5226 1727 13361 96227 37 41003
a 19546 1748 1500 17795 25 6974 1727 13361 96227 37 42751
a 21300 1751 1560 19546 26 8725 1727 13361 96227 37 44502
a 23057 1754 1620 21300 27 10479 1727 13361 96227 37 46256
a 24817 1757 1680 23057 28 0 1748 13361 96227 37 48013
a 26580 1760 1740 24817 29 1760 1748 26420 96227 37 49773
a 28346 1763 1800 26580 30 3523 1748 26420 96227 37 51536
a 30115 1766 1860 28346 31 5289 1748 26420 96227 37 53302
a 31887 1769 1920 30115 32 7058 1748 26420 96227 37 55071
a 900 1772 1980 31887 33 8830 1748 26420 96227 37 56843
a 2684 1781 2040 900 34 10611 1748 26420 96227 37 58624
a 4471 1784 2100 2684 35 0 1770 26420 96227 37 60408
a 6261 1787 2160 4471 36 1787 1770 26420 96227 37 62195
a 8054 1790 2220 6261 37 3577 1770 7062 96227 37 63985
a 9850 1793 2280 8054 38 5370 1770 7062 96227 37 65778
a 11649 1796 2340 9850 39 7166 1770 7062 96227 37 67574
a 13451 1799 2400 11649 40 8965 1770 7062 96227 37 69373
a 15256 1802 2460 13451 41 10767 1770 7062 96227 37 71175
a 17064 1805 2520 15256 42 0 1796 7062 96227 37 72980
a 18875 1808 2580 17064 43 1808 1796 7062 96227 37 74788
a 20689 1811 2640 18875 44 3619 1796 20478 96227 37 76599
a 22503 1814 2700 20689 45 5433 1796 20478 96227 37 78413
a 24317 1814 2760 22503 46 7247 1796 20478 96227 37 80227
a 26131 1814 2820 24317 47 9061 1796 20478 96227 37 82041
a 27945 1814 2880 26131 48 10875 1796 20478 96227 37 83855
a 29759 1814 2940 27945 49 0 1812 20478 96227 37 85669
a 31573 1814 3000 29759 50 1814 1812 20478 96227 37 87483
a 620 1814 3060 31573 51 3628 1812 20478 96227 37 89297
a 2435 1815 3120 620 52 5443 1812 1421 96227 37 91112
a 4250 1815 3180 2435 53 7258 1812 1421 96227 37 92927
a 6065 1815 3240 4250 54 9073 1812 1421 96227 37 94742
a 7880 1815 3300 6065 55 10888 1812 1421 96227 37 96557
a 9695 1815 3360 7880 56 0 1814 1421 96227 37 98372
a 11510 1815 3420 9695 57 1815 1814 1421 96227 37 100187
a 13325 1815 3480 11510 58 3630 1814 1421 96227 37 102002
a 16962 1815 3540 13325 59 5445 1814 14928 96227 37 103817
a 18787 1818 0 16962 0 7263 1814 14928 107454 33 0
a 20613 1825 60 18787 1 9088 1814 14928 107454 33 1825
a 22438 1826 120 20613 2 10914 1814 14928 107454 33 3651
a 24264 1825 180 22438 3 12739 1814 14928 107454 33 5476
a 26089 1826 240 24264 4 14565 1814 14928 107454 33 7302
a 27915 1825 300 26089 5 16390 1814 14928 107454 33 9127
a 29740 1826 360 27915 6 18216 1814 14928 107454 33 10953
a 31566 1825 420 29740 7 0 2863 30635 107454 33 12778
a 620 1826 480 31566 8 1826 2863 30635 107454 33 14604
a 2442 1822 540 620 9 3648 2863 30635 107454 33 16426
a 4264 1822 600 2442 10 5470 2863 30635 107454 33 18248
a 123 1822 660 4264 11 7292 2863 30635 107454 33 20070
a 456 14313 0 123 0 21605 2863 30635 48697 73 0
a 796 333 60 456 1 21938 2863 30635 48697 73 333
a 1143 340 120 796 2 22278 2863 30635 48697 73 673
a 1497 347 180 1143 3 22625 2863 30635 48697 73 1020
a 1858 354 240 1497 4 22979 2863 30635 48697 73 1374
a 2226 361 300 1858 5 23340 2863 30635 48697 73 1735
a 2601 368 360 2226 6 23708 2863 30635 48697 73 2103
a 3358 375 420 2601 7 0 3440 3006 48697 73 2478
a 3743 757 480 3358 8 757 3440 3006 48697 73 3235
a 4136 385 540 3743 9 1142 3440 3006 48697 73 3620
a 4535 393 600 4136 10 1535 3440 3006 48697 73 4013
a 4942 399 660 4535 11 1934 3440 3006 48697 73 4412
a 5355 407 720 4942 12 2341 3440 3006 48697 73 4819
a 5776 413 780 5355 13 2754 3440 3006 48697 73 5232
a 6203 421 840 5776 14 0 453 6587 48697 73 5653
a 6638 427 900 6203 15 427 453 6587 48697 73 6080
a 7079 435 960 6638 16 862 453 6587 48697 73 6515
a 7528 441 1020 7079 17 1303 453 6587 48697 73 6956
a 7983 449 1080 7528 18 1752 453 6587 48697 73 7405
a 8446 455 1140 7983 19 2207 453 6587 48697 73 7860
a 8915 463 1200 8446 20 2670 453 6587 48697 73 8323
a 9392 469 1260 8915 21 0 448 6587 48697 73 8792
a 9875 477 1320 9392 22 477 448 9797 48697 73 9269
