d 84 2 0 32 240 3 1 17 0 241 240 3 224 15 49 221
d 84 248 1 0 0 1 3 254 32 15 16 15 255 241 240 16 
d 97 254 0 0 0 2 255 240 15 225 31 15 31 240 17 206 
d 89 251 0 0 16 2 254 2 32 1 15 3 255 224 255 254 
d 96 8 0 0 241 250 2 1 240 15 255 241 30 1 2 4 
d 73 2 240 0 0 244 254 0 15 15 14 1 17 239 46 208 
d 63 4 0 0 0 253 254 15 15 0 0 15 240 1 0 17 
d 48 255 0 16 16 1 1 0 240 0 15 255 0 1 0 15 
d 63 5 240 16 0 2 254 2 15 240 17 1 31 0 0 29 
d 50 253 0 0 15 2 255 1 0 31 1 14 32 1 31 239 
d 44 3 0 0 0 1 254 16 240 0 0 0 16 14 1 1 
d 214 248 174 192 224 6 14 37 16 255 240 0 0 18 253 63 
d 225 249 224 0 240 3 2 13 238 0 18 1 17 0 0 0 
d 220 3 0 0 16 0 255 0 0 0 0 0 0 0 0 0 
d 220 0 0 0 0 0 255 0 0 0 0 0 0 0 0 0 
d 222 253 0 0 0 1 255 0 0 0 0 0 0 0 0 0 
d 82 48 114 253 223 254 253 4 47 0 14 1 15 255 17 210 
d 27 248 31 16 255 3 0 0 16 1 240 1 240 31 0 241 
d 150 228 176 240 0 255 0 15 242 240 17 253 2 18 31 3 
d 85 34 32 15 1 247 251 19 15 17 0 0 240 14 17 63 
d 49 248 47 0 255 0 3 242 225 0 15 2 15 1 0 241 
d 223 254 240 255 239 1 0 1 0 0 0 14 238 1 0 225 
d 221 254 0 0 1 255 0 1 240 0 0 0 0 0 0 0 
d 223 0 0 0 0 0 254 15 16 0 1 0 0 0 0 0 
d 217 251 16 0 15 0 2 16 0 0 1 0 0 0 0 240 
d 238 254 0 0 0 255 255 0 0 0 0 0 0 0 0 0 
d 159 43 224 48 225 1 1 18 14 240 14 2 242 15 0 77 
d 92 252 224 0 15 5 253 0 16 255 1 240 255 17 49 237 
d 91 0 16 0 0 255 1 33 19 240 1 254 224 238 17 229 
d 93 1 0 0 0 6 253 0 240 0 2 15 255 14 31 207 
d 92 254 0 0 241 7 0 0 0 255 255 2 224 2 33 62 
d 86 1 0 0 0 3 5 254 0 16 0 241 15 17 17 30
