d 43 252 0 255 33 0 2 1 2 0 0 14 0 0 16 1 
d 62 254 241 240 48 252 253 3 31 1 15 16 0 0 1 31 
d 66 254 31 240 208 0 0 2 3 0 15 242 16 241 3 18 
d 71 0 1 0 78 249 250 16 255 0 2 1 240 2 0 16 
d 79 249 15 1 194 249 4 2 210 1 254 18 15 240 31 207 
d 88 252 18 240 47 251 0 0 225 0 3 244 35 16 29 253 
d 88 252 0 34 3 4 252 31 13 0 13 226 16 15 255 245 
d 121 1 32 224 240 3 253 32 14 0 243 2 0 29 239 17 
d 117 5 16 241 65 253 255 31 17 15 29 15 16 2 225 79 
d 107 7 17 240 2 253 253 2 17 3 254 0 13 2 254 226 
d 96 5 16 254 224 3 253 13 223 208 1 255 13 241 31 225 
d 115 255 224 226 180 3 253 15 20 208 15 4 255 4 18 163 
d 93 5 1 32 30 16 2 209 1 30 253 20 3 0 254 16 
d 98 2 16 240 47 9 252 29 3 17 47 42 254 1 240 32 
d 89 253 0 254 223 15 251 34 208 255 33 31 33 49 238 30 
d 89 255 0 0 49 16 254 3 13 1 227 14 193 239 243 14 
d 96 245 0 0 229 12 255 3 2 31 1 229 239 227 29 3 
d 122 254 32 239 4 15 254 237 191 33 30 224 255 237 15 51 
d 121 1 31 32 18 1 0 211 80 64 16 225 255 35 16 4 
d 110 1 0 16 1 4 254 13 243 47 35 14 254 66 16 89 
d 108 0 0 0 18 2 1 27 16 64 12 18 14 18 0 239 
d 114 255 0 15 98 253 3 1 48 32 18 17 13 237 252 33 
d 130 247 240 2 193 243 0 29 255 240 241 4 0 16 14 18 
d 159 5 15 241 64 251 4 210 222 225 18 241 45 15 14 2 
d 127 6 47 0 235 7 255 2 15 16 14 16 155 12 255 17 
d 116 2 16 16 209 4 1 31 20 224 224 17 210 16 30 194 
d 119 7 240 31 239 3 253 33 0 241 12 208 237 227 1 63 
d 119 2 0 31 238 5 253 16 32 0 4 1 32 19 15 47 
d 109 3 1 240 16 255 1 17 240 0 1 46 2 242 14 238 
d 105 255 240 240 46 253 0 255 1 1 240 16 17 240 239 35 
d 97 2 1 0 243 4 2 241 240 0 0 2 240 62 241 31 
d 71 3 0 16 17 0 254 0 15 15 1 0 255 16 15 226 
d 38 254 0 0 1 253 0 0 240 0 0 0 16 0 15 16 
d 67 252 240 16 241 0 1 0 0 0 0 242 14 0 17 243 
d 81 255 224 15 255 254 3 14 30 0 1 0 255 30 241 224 
d 78 255 15 0 44 6 254 0 240 0 1 0 225 2 15 30 
d 85 0 240 0 18 0 254 242 16 240 240 0 208 17 239 241 
d 87 5 240 240 224 5 252 242 224 30 30 15 224 33 255 12 
d 75 255 0 0 15 5 255 1 0 32 3 17 225 255 31 32 
d 104 251 1 240 62 12 253 64 210 16 43 12 224 251 2 243 
d 117 255 1 240 45 11 4 0 16 1 15 46 16 0 221 239 
d 112 1 0 0 189 254 255 0 0 208 14 0 63 51 240 207 
d 89 1 225 31 192 255 2 255 32 254 0 14 222 228 241 14 
d 78 6 15 0 255 255 253 242 1 240 14 22 239 221 237 32 
d 110 250 0 0 1 4 3 241 242 206 3 254 15 244 2 15 
d 117 252 63 31 225 238 2 0 255 224 3 18 239 242 33 35 
d 128 255 240 16 226 228 252 2 14 0 226 5 253 240 241 0 
d 106 244 50 1 61 242 6 239 16 209 254 224 13 36 15 32 
d 139 245 16 1 62 232 253 15 192 177 1 1 240 3 15 253 
d 172 255 224 18 35 3 251 19 0 175 255 14 16 224 15 46 
d 129 7 1 0 5 29 2 15 255 239 19 240 79 30 47 205 
d 105 247 17 15 16 11 6 30 30 242 235 13 225 16 2 187 
d 124 254 0 1 34 16 251 1 16 192 17 208 47 33 226 18 
d 124 3 16 240 31 29 0 240 240 223 255 241 255 1 28 223 
d 117 254 240 1 224 26 255 0 224 255 17 14 225 31 243 143 
d 109 254 0 17 50 25 255 254 255 0 14 15 0 33 45 31 
d 96 4 241 2 13 16 7 0 95 241 1 2 240 2 30 94 
d 82 251 14 0 242 8 0 15 16 239 18 240 79 16 17 15 
d 96 4 16 0 0 10 255 30 238 0 2 35 62 31 15 212 
d 98 255 0 17 16 11 255 1 14 17 253 254 210 208 2 17 
d 111 0 15 0 255 249 7 16 48 240 14 19 222 46 238 223 
d 113 1 240 0 227 255 254 0 15 1 1 63 44 17 224 46 
d 101 0 0 16 15 246 2 31 0 241 241 31 240 47 31 47 
d 73 1 0 17 0 2 255 15 240 15 16 240 255 240 239 202 
d 48 255 255 0 223 253 255 16 241 0 2 17 240 0 240 17 
d 69 253 0 240 46 4 1 3 47 0 243 241 241 14 240 16 
d 87 253 1 240 221 254 1 2 254 31 1 17 223 3 2 221 
d 87 254 16 0 31 1 6 15 31 0 0 14 31 13 0 3 
d 86 5 16 15 15 1 3 15 15 17 224 15 32 1 210 240 
d 65 3 16 0 255 252 3 240 0 239 15 0 32 18 2 81 
d 67 5 240 15 208 2 0 15 240 16 2 240 47 0 255 207 
d 53 1 0 15 33 3 255 1 17 16 1 30 240 15 14 223 
d 52 1 0 0 31 4 254 15 241 16 0 0 239 31 15 0 
d 49 3 0 0 15 3 1 1 16 16 0 15 255 14 0 0 
d 49 1 0 0 224 6 0 1 15 32 1 47 1 32 32 18 
d 47 1 0 0 0 3 1 0 240 0 0 16 16 15 16 33 
d 45 254 0 0 240 0 255 0 0 0 0 0 1 1 0 15 
d 76 246 0 16 241 15 250 255 15 1 0 242 224 242 30 114 
d 91 3 0 46 13 22 0 46 46 30 47 44 194 0 0 64 
d 73 12 15 15 240 15 5 31 240 33 15 15 47 14 13 16 
d 84 255 255 240 0 24 253 15 241 253 33 15 33 48 46 252 
d 63 9 0 0 240 17 2 3 1 66 1 18 31 1 2 15 
d 55 251 0 0 1 253 4 0 17 31 0 226 31 47 240 16 
d 66 255 241 0 46 4 254 13 33 16 2 15 254 16 0 34 
d 47 2 0 0 241 8 0 0 240 0 0 32 1 15 0 32 
d 49 0 16 0 31 13 1 1 255 0 0 1 16 15 0 14 
d 52 4 16 255 255 1 254 1 34 2 16 14 241 33 255 17 
d 54 0 0 16 223 253 255 0 16 0 1 1 254 15 0 17 
d 53 254 0 15 15 3 254 16 15 15 31 15 15 240 226 224 
d 65 0 0 0 1 5 4 2 241 49 0 3 46 3 241 17 
d 89 251 0 240 16 244 2 15 32 1 1 1 63 64 174 22 
d 101 6 0 1 31 1 252 2 1 240 1 5 30 32 254 241 
d 113 1 240 0 241 251 3 1 33 16 1 30 254 18 252 50 
d 117 252 0 240 15 252 254 15 255 224 16 17 15 15 2 161 
d 91 3 32 240 16 250 4 0 1 255 31 19 240 4 14 16 
d 80 1 0 240 16 0 250 30 17 18 32 15 0 28 0 52 
d 65 251 0 31 241 251 1 29 241 255 241 241 241 13 1 240 
d 75 250 0 15 255 255 1 0 15 224 255 15 16 0 29 240 
d 83 3 16 15 1 253 4 16 30 0 240 30 238 14 0 47 
d 102 255 0 0 240 251 0 1 238 240 46 17 47 3 28 196 
d 97 3 0 0 224 249 255 46 16 46 0 15 49 14 236 90 
d 78 4 16 16 32 255 0 30 241 49 16 1 45 255 1 64 
d 68 4 1 15 209 254 252 1 1 16 1 0 0 29 0 254 
d 66 251 0 1 254 253 2 15 240 0 1 240 255 17 15 45 
d 57 3 0 0 225 251 0 1 31 31 240 0 240 243 29 210 
d 48 8 224 31 222 255 253 32 208 30 226 2 27 243 2 16 
d 28 250 0 0 0 2 3 0 0 1 0 30 32 0 17 32 
d 33 249 16 16 16 2 255 0 16 241 241 3 242 16 31 15 
d 69 3 0 240 208 254 252 226 16 210 30 0 111 240 15 35 
d 55 9 0 0 14 246 250 17 16 32 255 2 31 0 15 243 
d 40 253 0 0 240 5 0 0 240 0 0 1 15 1 15 33 
d 55 253 240 0 16 12 255 0 0 31 1 240 1 30 1 18 
d 57 4 0 0 1 10 4 1 15 17 0 0 0 0 240 223 
d 69 251 15 0 240 249 2 0 0 224 32 242 1 1 1 45 
d 74 10 0 16 206 14 250 255 1 30 2 31 0 14 224 196 
d 55 7 208 14 48 2 2 16 240 13 247 15 224 1 1 1 
d 27 0 240 0 16 6 0 241 0 224 16 224 63 1 17 31 
d 32 244 47 0 241 2 254 0 1 242 241 229 225 0 29 64 
d 82 8 78 187 159 253 254 241 48 226 12 6 44 2 14 237 
d 104 8 0 1 17 238 1 47 0 0 15 2 205 14 255 15 
d 82 253 0 0 227 246 255 15 17 241 1 1 16 1 0 34 
d 102 253 0 0 15 246 2 14 14 224 1 226 0 12 1 225 
d 114 252 240 240 240 0 255 241 0 14 35 29 238 3 36 64 
d 113 3 16 15 0 252 2 0 253 1 16 16 2 234 0 246 
d 108 6 0 0 240 3 255 255 0 224 15 255 238 16 3 47 
d 96 252 0 16 33 9 2 1 255 1 14 15 47 15 253 240 
d 98 7 240 0 1 0 1 255 16 240 17 243 17 19 28 38 
d 73 5 0 16 255 0 0 1 16 1 13 3 0 61 4 33 
d 59 0 16 0 33 0 255 254 0 15 0 0 46 1 0 228 
d 69 252 0 0 240 1 1 0 224 16 2 240 241 15 1 238 
d 80 252 0 16 240 255 0 255 17 30 0 1 3 14 255 11 
d 99 1 0 0 31 1 253 0 15 2 31 14 208 2 241 203 
d 102 252 240 16 15 8 2 46 240 224 0 31 255 227 208 17 
d 104 254 0 0 0 5 255 2 0 0 15 0 33 238 12 26 
d 117 1 255 0 63 251 1 255 79 225 2 17 241 0 32 79 
d 103 253 16 255 15 249 252 0 1 240 1 14 31 241 0 224 
d 122 7 208 0 0 253 0 1 16 241 15 2 240 30 254 64 
d 54 7 3 15 46 253 253 2 209 31 228 240 239 31 225 32 
d 24 8 0 0 221 251 0 17 255 254 1 15 190 0 1 33 
d 22 253 0 0 0 251 0 0 31 0 0 14 0 240 1 0 
d 42 5 15 240 221 5 6 13 253 15 17 243 65 32 15 16 
d 67 245 15 16 223 0 0 224 1 34 241 15 224 2 14 2 
d 45 17 32 240 18 249 251 241 17 16 15 253 240 0 1 19 
d 37 250 0 241 0 1 0 240 0 1 0 30 1 0 1 15 
d 42 254 0 0 0 252 4 0 16 15 0 0 16 2 31 0 
d 72 239 0 16 225 251 255 46 240 1 15 29 240 15 0 242 
d 67 5 34 16 239 252 7 14 16 240 15 0 226 15 5 17 
d 45 2 15 225 18 2 252 0 226 13 2 253 3 17 3 14 
d 26 2 0 0 0 252 1 15 1 240 16 254 33 14 0 34 
d 42 246 16 0 16 243 2 0 240 0 15 2 241 60 0 18 
d 91 4 32 0 225 245 6 16 242 16 254 15 240 253 36 47 
d 127 1 224 0 49 4 247 240 0 1 0 3 1 17 1 34 
d 101 0 31 241 212 7 4 242 16 0 1 29 32 1 14 254 
d 115 253 0 2 255 1 254 13 0 0 15 1 29 31 11 230 
d 123 255 0 15 224 253 253 3 47 15 225 17 31 30 29 255 
d 117 2 0 15 240 245 1 33 17 1 15 243 16 28 240 203 
d 118 253 16 240 16 249 0 2 15 0 30 12 0 18 34 15 
d 118 5 0 240 240 251 249 1 240 18 0 17 14 31 15 193 
d 95 9 31 16 1 255 5 17 16 0 13 14 225 28 228 1 
d 84 9 0 0 0 255 253 15 254 224 16 255 253 63 12 226 
d 57 1 32 0 30 1 0 16 14 0 240 14 16 31 1 255 
d 74 254 0 0 241 252 255 2 31 255 15 15 0 15 1 15 
d 88 253 241 0 240 250 2 1 1 0 46 14 50 47 12 66 
d 99 253 240 16 0 0 2 241 16 1 1 0 242 35 192 237 
d 97 255 0 0 239 255 255 254 31 16 14 0 16 225 237 54 
d 108 6 0 0 15 2 254 2 255 15 15 1 13 0 224 20 
d 115 252 15 240 225 6 0 0 255 0 0 1 0 208 254 36 
d 112 1 0 0 243 253 254 2 16 0 1 1 81 243 30 235 
d 111 2 1 15 63 0 255 0 240 16 240 0 0 243 17 241 
d 95 5 0 1 14 0 0 16 240 15 242 15 239 13 0 255 
d 80 0 0 0 33 240 0 16 0 224 240 242 30 241 40 47 
d 84 254 0 240 15 237 0 0 14 176 1 241 15 16 112 136 
d 106 243 0 0 0 241 253 16 241 208 0 194 1 0 19 65 
d 112 9 0 30 225 7 250 31 255 253 14 191 49 205 14 33 
d 51 6 47 17 33 255 6 234 223 32 31 1 222 2 17 78 
d 48 0 64 31 1 251 3 240 225 15 0 1 1 241 240 14 
d 62 252 32 2 0 253 0 0 0 15 0 13 0 15 15 17 
d 97 6 237 31 224 242 2 3 14 15 227 0 1 13 2 0 
d 91 243 17 1 48 2 247 224 34 16 236 15 4 16 240 2 
d 119 0 0 0 241 5 4 0 49 239 15 48 224 4 14 26 
d 113 254 16 32 240 250 255 17 30 47 0 0 48 173 164 142 
d 125 0 0 0 239 243 1 30 16 6 255 51 15 2 75 142 
d 121 2 0 0 35 13 255 15 240 238 14 5 237 10 14 18 
d 100 7 0 16 49 0 4 19 1 18 18 16 223 14 241 33 
d 101 252 16 0 208 253 253 3 0 15 33 15 193 31 14 52 
d 110 253 0 240 254 250 254 2 253 16 34 12 240 5 31 61 
d 126 245 240 0 15 4 0 240 33 15 1 242 13 18 208 162 
d 126 3 31 1 0 5 0 0 15 1 1 46 208 13 255 13 
d 131 0 240 0 224 0 1 0 241 0 0 33 30 224 47 15 
d 116 255 0 0 0 0 254 1 0 240 16 51 0 244 30 19 
d 104 6 16 0 18 254 253 0 1 240 17 44 241 207 66 74 
d 85 3 240 0 0 253 0 17 15 241 14 1 17 20 15 5 
d 54 255 32 17 33 2 0 3 16 17 14 1 31 0 15 239 
d 76 2 0 0 0 252 1 0 239 1 255 31 255 13 16 16 
d 91 255 240 240 241 7 251 255 0 0 255 47 225 50 254 51 
d 92 254 0 0 16 4 1 16 1 241 15 4 0 60 211 252 
d 101 253 240 16 0 252 4 31 32 0 14 47 241 46 208 0 
d 104 251 0 0 0 254 0 255 15 1 241 1 239 225 31 206 
d 109 0 0 31 0 8 254 0 16 224 15 254 2 17 18 20 
d 111 254 0 1 18 3 2 17 1 0 15 17 31 0 1 19 
d 110 2 0 16 240 6 255 241 2 1 255 240 33 240 2 48 
d 79 9 16 15 241 254 254 30 30 238 0 45 224 15 2 16 
d 94 248 0 255 18 5 3 241 15 110 15 244 32 30 207 59 
d 117 253 0 0 31 245 0 1 16 112 0 222 30 78 239 78 
d 135 251 240 0 15 228 7 30 224 81 47 32 208 7 13 113 
d 99 14 47 0 32 253 241 228 226 99 14 237 127 237 1 31 
d 97 247 209 30 239 245 254 36 0 0 31 3 17 244 0 14 
d 68 236 80 64 4 1 3 0 17 255 15 1 1 242 31 31 
d 72 3 64 16 224 255 255 240 241 0 242 17 240 255 16 60 
d 100 251 211 240 192 12 250 220 50 1 11 0 15 0 0 224 
d 123 222 2 32 241 240 17 47 2 3 225 48 130 61 15 18 
d 203 252 0 0 0 226 254 15 0 144 15 225 224 33 81 117 
d 200 5 0 0 0 227 255 1 15 128 0 250 63 14 16 238 
d 135 19 0 16 0 227 2 0 31 173 16 127 225 230 0 140 
d 99 253 0 240 222 252 248 241 241 14 31 38 0 202 2 15 
d 107 7 0 14 15 1 253 0 2 0 0 1 254 16 16 224 
d 103 1 31 0 240 4 0 15 15 241 255 28 240 34 30 30 
d 113 252 0 15 0 254 2 1 16 1 240 6 17 3 31 17 
d 128 0 0 1 255 252 1 240 0 224 1 45 223 241 242 240 
d 129 1 0 0 226 244 255 17 0 14 240 17 14 62 15 161 
d 139 2 0 0 0 253 1 240 0 16 1 2 240 18 0 79 
d 126 255 0 16 0 250 253 2 241 0 241 2 192 226 15 227 
d 111 7 0 0 225 4 1 14 241 0 241 254 225 195 33 252 
d 93 4 240 1 0 7 1 17 1 255 1 31 31 253 255 242 
d 64 253 0 17 16 0 255 240 0 240 0 1 0 32 241 224 
d 73 0 0 0 241 3 254 15 240 0 15 16 1 15 225 47 
d 89 1 240 0 33 7 3 15 224 16 255 229 16 29 15 127 
d 90 1 0 15 31 255 254 242 0 1 255 15 0 80 243 15 
d 97 252 16 240 16 5 1 239 0 240 1 254 34 30 254 2 
d 99 1 0 0 18 2 252 0 241 14 0 242 2 16 2 94 
d 107 0 224 0 240 0 255 2 2 2 31 0 16 240 252 32 
d 92 4 0 240 240 5 249 243 1 0 15 0 30 31 17 222 
d 87 1 0 241 240 1 5 14 255 241 254 0 15 4 14 162 
d 91 241 48 1 14 240 13 224 15 15 0 28 255 223 241 224 
d 176 247 0 0 32 243 239 15 0 80 225 7 206 0 254 226 
d 222 246 240 0 0 14 9 15 255 239 19 15 221 2 15 16 
d 231 1 0 0 0 255 1 0 0 0 0 0 0 0 0 0 
d 141 54 238 32 47 5 255 240 46 0 31 0 255 1 1 32 
d 103 254 176 224 2 4 3 29 178 1 15 14 1 240 16 17 
d 63 231 110 32 17 255 255 16 32 0 0 1 1 15 15 2 
d 49 3 81 50 49 5 0 15 32 16 15 15 16 17 0 16 
d 80 18 255 239 243 253 1 30 226 15 17 15 242 14 0 15 
d 167 210 144 33 255 248 250 22 47 0 15 15 17 18 0 0 
d 219 254 0 0 16 1 2 0 255 16 0 15 1 1 15 16 
d 223 0 0 0 0 241 4 0 0 226 0 244 16 3 2 0 
d 210 10 240 0 1 244 250 15 1 130 241 238 0 176 239 206 
d 123 12 16 0 241 248 3 1 15 203 241 194 241 28 209 14 
d 95 0 0 16 2 4 1 254 30 255 17 253 15 14 255 1 
d 91 1 16 15 3 1 0 12 224 1 3 240 243 14 0 223 
d 108 250 240 240 255 7 0 1 240 15 15 1 254 15 0 9 
d 121 253 0 15 17 2 2 0 16 16 240 1 64 31 14 242 
d 118 253 0 0 0 3 255 0 1 14 0 15 16 33 33 17 
d 130 255 0 240 240 253 4 15 240 32 0 255 32 223 17 29 
d 123 3 0 0 225 0 254 0 240 33 0 33 17 0 18 235 
d 107 5 0 15 1 251 4 0 240 17 0 227 209 241 15 7 
d 91 7 16 0 0 1 2 15 0 32 13 0 238 0 1 193 
d 66 3 1 16 31 4 1 1 15 0 254 0 32 14 31 13 
d 73 255 0 0 15 4 0 15 1 255 15 16 239 1 14 32 
d 84 252 241 240 30 253 1 18 241 0 15 17 224 29 17 51 
d 84 4 0 0 1 254 255 0 254 0 1 3 16 2 204 61 
d 93 252 0 240 225 0 255 15 31 0 1 16 224 171 1 237 
d 95 0 0 0 2 253 2 16 240 16 0 254 18 239 28 32 
d 79 5 0 15 0 9 1 15 0 30 2 241 1 1 3 19 
d 84 0 0 14 0 249 6 16 16 49 15 15 18 2 237 79 
d 94 252 46 31 1 241 0 227 195 240 31 2 255 255 240 51 
d 174 253 15 15 0 224 245 44 31 252 32 14 2 2 16 65 
d 232 251 239 0 0 5 5 17 0 240 1 0 254 1 0 240 
d 217 3 16 0 0 249 254 32 15 255 17 14 1 15 15 0 
d 226 254 0 0 0 2 1 0 0 0 0 0 0 0 0 1 
d 126 55 44 1 30 1 255 243 254 0 1 17 223 1 0 238 
d 79 9 191 0 16 2 251 244 32 0 15 241 31 15 0 18 
d 58 235 79 47 47 0 0 15 0 0 1 0 0 240 1 225 
d 45 13 49 33 32 1 254 1 0 0 15 0 31 1 0 1 
d 77 2 207 0 15 1 4 1 224 15 16 0 1 0 1 238 
d 193 228 139 207 1 0 1 0 17 0 1 0 0 0 0 0 
d 229 253 0 0 0 255 255 0 0 0 0 0 0 0 0 0 
d 225 5 0 0 1 7 0 241 0 14 16 1 30 0 0 241 
d 214 251 0 0 16 239 2 17 1 2 18 3 17 2 18 31 
d 215 13 224 0 0 3 247 0 0 208 15 240 225 254 241 255 
d 124 4 49 16 255 1 4 1 18 0 2 237 255 32 255 16 
d 110 9 0 1 1 244 1 17 210 31 240 17 35 253 13 251 
d 101 251 0 0 241 250 252 2 16 15 241 0 238 62 0 61 
d 126 254 0 0 225 248 3 31 0 30 242 4 240 6 241 225 
d 124 2 0 0 31 5 253 240 0 1 1 15 240 238 207 51 
d 127 1 0 0 0 253 1 1 17 16 240 15 0 227 253 45 
d 130 0 0 0 241 255 255 15 31 16 1 1 16 254 242 46 
d 106 5 0 0 49 3 255 254 0 33 241 19 254 42 238 11 
d 94 5 16 240 15 1 251 17 0 0 2 4 47 1 227 241 
d 70 252 0 1 1 0 1 0 47 31 0 2 225 14 242 209 
d 74 0 0 1 17 2 1 1 15 0 32 0 17 240 28 15 
d 79 3 0 0 240 248 0 1 0 18 15 15 48 17 3 254 
d 84 0 16 16 254 255 253 2 255 33 240 19 33 2 0 35 
d 100 4 0 0 255 3 1 0 241 18 240 1 1 30 255 226 
d 96 1 0 0 16 1 2 15 0 241 0 17 239 50 1 32 
d 112 252 0 0 225 249 252 0 241 15 14 244 16 3 0 32 
d 113 1 0 0 16 252 4 15 1 0 0 15 0 15 14 188 
d 105 245 77 30 45 251 250 46 60 0 240 3 63 16 14 78 
d 233 3 0 0 0 255 1 0 0 0 0 0 0 0 0 0 
d 220 251 17 0 0 255 253 243 31 0 255 0 15 15 15 1 
d 227 2 0 0 0 0 0 0 0 0 0 0 0 0 0 0 
d 220 254 0 0 0 0 255 0 16 0 0 0 0 0 0 0 
d 118 55 75 227 46 1 2 255 17 0 1 0 17 16 15 240 
d 65 20 15 254 222 1 3 239 240 15 15 15 240 240 14 241 
d 57 238 32 0 16 252 0 14 0 0 0 15 16 30 31 48 
d 40 11 33 16 15 254 0 1 0 1 0 0 0 16 0 31 
d 80 243 239 14 16 0 1 16 254 240 0 1 47 1 1 33 
d 194 227 139 208 34 0 1 0 255 0 15 15 0 15 0 0 
d 224 0 0 0 0 1 0 0 0 0 0 0 0 0 0 0 
d 230 249 0 0 0 252 254 1 16 0 1 0 16 0 0 0 
d 236 6 240 0 16 5 253 0 241 0 15 0 241 0 0 0 
d 210 248 1 0 15 242 2 19 1 3 17 3 14 1 1 15 
d 165 21 32 241 15 239 251 50 254 14 1 15 0 0 1 36 
d 140 254 0 240 240 253 255 1 0 48 31 0 79 46 240 17 
d 143 253 0 0 255 2 254 255 241 17 3 3 18 226 239 30 
d 135 0 0 0 0 252 254 17 32 240 46 0 240 16 47 47 
d 136 0 0 0 2 5 2 15 16 0 0 0 1 242 15 243 
d 141 255 240 0 15 8 254 0 240 0 1 0 0 2 34 17 
d 119 4 16 240 17 8 255 0 16 240 31 15 242 240 30 31 
d 106 1 16 240 0 255 1 1 15 48 14 240 0 237 1 177 
d 85 7 1 0 240 255 2 240 15 255 32 2 239 2 3 93 
d 69 0 1 16 33 255 3 33 16 241 31 1 16 31 33 46 
d 66 255 0 0 15 254 3 15 0 0 16 0 17 1 14 18 
d 74 0 0 1 0 254 0 0 1 15 3 255 34 1 19 238 
d 80 1 240 15 16 253 1 1 17 1 1 1 31 253 3 93 
d 86 251 0 0 255 249 255 1 0 0 1 241 241 15 63 161 
d 110 1 0 240 224 249 255 15 16 13 1 1 254 14 1 64 
d 107 2 0 0 239 7 255 15 0 1 15 242 62 1 241 85 
d 101 6 0 15 1 10 253 15 241 15 17 13 226 47 254 35 
d 164 227 193 240 18 247 3 17 0 225 18 240 207 240 21 241 
d 227 250 239 255 239 2 1 15 255 0 19 0 255 0 1 241 
d 221 5 0 0 0 255 0 15 31 0 15 0 0 15 0 0 
d 226 0 0 0 0 1 1 0 0 0 0 0 0 0 0 0 
d 224 1 0 0 0 255 0 0 0 0 0 0 0 0 0 0 
d 118 45 124 225 46 0 2 13 240 0 242 14 34 18 253 46 
d 53 19 16 240 2 4 255 1 0 0 0 15 16 17 255 46 
d 61 239 0 0 240 1 1 1 0 30 1 1 14 0 0 16 
d 43 12 17 0 0 252 254 1 16 17 15 0 1 2 0 242 
d 75 238 224 16 0 6 0 254 46 240 1 0 255 14 0 2 
d 202 233 172 223 240 1 0 253 204 255 1 19 49 254 15 62 
d 225 254 0 0 0 255 1 0 0 0 0 0 0 0 0 0 
d 236 255 0 0 0 1 255 0 0 0 0 0 0 0 0 0 
d 230 0 16 0 0 0 3 15 0 0 15 0 0 0 0 0 
d 244 255 0 0 0 255 255 0 0 0 0 0 0 0 0 0 
d 185 23 16 240 241 252 3 28 1 48 240 240 241 0 1 195 
d 142 251 16 1 16 6 3 14 30 240 2 13 16 44 15 241 
d 154 254 0 0 1 3 5 15 254 0 0 33 241 3 12 111 
d 152 1 240 16 15 253 2 15 1 255 1 14 240 238 1 46 
d 143 3 0 1 31 1 255 255 15 17 255 4 47 15 29 30 
d 135 4 0 0 255 248 255 1 1 0 15 255 18 32 1 33 
d 125 255 0 15 0 249 3 0 15 0 1 15 238 63 12 45 
d 109 0 0 1 31 249 0 30 0 15 1 35 207 14 16 19 
d 87 4 1 0 241 4 254 240 240 29 243 253 29 1 5 253 
d 71 252 0 0 0 255 255 0 16 0 1 17 33 15 240 253 
d 68 2 0 0 17 4 255 1 0 0 0 1 17 0 240 208 
d 88 251 0 0 241 7 253 2 31 0 15 3 45 15 13 68 
d 90 255 0 240 242 2 0 242 0 2 15 13 31 47 2 240 
d 101 253 0 0 0 3 255 18 224 15 1 17 17 1 0 53 
d 101 2 0 0 2 2 255 1 0 224 15 2 31 1 1 43 
d 99 255 0 15 47 2 2 224 15 63 1 255 46 12 14 208 
d 91 6 240 0 47 254 253 0 47 241 15 18 241 2 0 254 
d 179 212 208 255 35 250 255 36 16 1 14 0 0 17 15 34 
d 227 253 33 15 0 254 254 3 63 0 0 0 0 0 0 240 
d 230 1 0 0 0 255 0 0 0 0 0 0 0 0 0 0 
d 221 254 0 0 0 0 255 0 0 0 0 0 0 0 0 0 
d 229 0 0 0 0 255 0 0 0 0 0 0 0 0 0 0 
d 135 52 27 20 250 0 0 0 16 0 1 2 224 0 1 15 
d 47 17 14 1 253 5 3 253 2 1 0 254 17 0 0 15 
d 60 237 0 0 47 0 255 1 0 47 1 2 240 0 15 16 
d 60 19 0 240 0 253 254 1 0 0 15 253 240 16 1 14 
d 41 240 17 240 47 3 0 1 1 0 1 1 240 2 1 1 
d 188 223 158 36 116 0 255 254 240 0 1 1 255 15 0 1 
d 228 253 0 0 0 255 0 0 0 0 0 0 0 0 0 0 
d 230 1 0 0 0 2 0 0 0 0 0 0 0 0 0 0 
d 231 252 0 0 0 0 0 0 0 0 0 0 0 0 0 0 
d 244 0 0 0 0 1 255 15 31 0 0 0 0 0 0 0 
d 226 255 225 1 1 253 2 2 17 0 16 1 1 0 1 240 
d 126 3 49 2 34 246 0 13 47 49 240 255 254 14 15 34 
d 131 255 0 15 1 2 254 46 16 0 241 0 0 33 32 32 
d 141 0 16 240 31 11 2 1 0 0 0 0 0 1 32 221 
d 146 8 240 0 31 255 2 0 0 0 241 14 15 226 0 239 
d 128 0 0 0 31 250 255 1 16 0 15 14 17 46 12 3 
d 120 6 0 1 0 253 253 0 0 1 241 20 15 17 31 239 
d 97 0 0 16 1 1 1 0 240 1 15 4 61 254 242 20 
d 69 5 0 240 1 0 254 0 240 15 0 1 1 14 208 35 
d 71 0 0 0 254 1 254 0 18 240 15 1 240 0 254 17 
d 70 0 240 240 241 4 1 15 0 239 0 15 225 15 15 222 
d 61 252 0 0 15 3 1 15 15 15 1 0 0 2 254 240 
d 80 255 0 16 0 255 3 0 0 16 1 1 15 2 18 224 
d 87 251 16 15 0 4 255 1 16 47 14 31 16 3 13 0 
d 110 2 0 0 255 1 1 0 14 240 31 19 15 12 19 58 
d 102 254 0 17 30 0 0 0 33 0 18 254 0 29 0 20 
d 77 12 16 0 31 6 4 15 0 239 14 14 16 19 17 46 
d 191 219 189 227 60 249 252 3 34 17 16 0 16 0 0 254 
d 225 10 0 16 1 0 255 29 47 0 0 1 0 15 15 15 
d 231 1 0 0 0 2 1 1 17 0 15 1 0 0 0 0 
d 224 2 0 0 0 0 0 0 0 0 0 0 0 0 0 0 
d 226 254 0 0 0 1 1 0 0 0 0 0 0 0 0 0 
d 158 47 237 110 198 2 0 241 16 0 1 0 0 1 0 240 
d 43 17 16 0 240 2 0 15 1 0 15 15 0 0 0 16 
d 78 230 31 31 47 253 2 15 31 0 241 14 47 240 255 240 
d 97 24 240 33 31 252 255 240 31 15 241 47 226 0 15 237 
d 39 248 32 0 29 0 253 0 0 0 0 0 1 1 30 32 
d 179 219 160 65 186 2 1 18 17 0 0 14 255 0 0 0 
d 228 0 0 0 0 0 255 0 0 0 0 0 0 0 0 0 
d 224 2 0 0 0 1 1 1 0 0 0 0 0 0 0 0 
d 233 253 0 0 0 255 255 0 0 0 0 0 0 0 0 0 
d 233 7 240 0 0 2 0 242 225 0 15 0 0 15 0 240 
d 236 254 240 240 240 254 254 15 240 0 0 0 0 0 0 0 
d 114 23 81 33 16 5 1 15 240 47 15 60 31 18 48 239 
d 124 248 240 0 240 9 1 255 0 32 17 17 35 210 2 0 
d 136 0 0 15 240 1 255 0 16 209 15 29 16 237 13 223 
d 135 1 0 16 16 1 0 3 16 0 31 30 33 46 12 218 
d 129 1 240 1 241 3 255 240 31 0 17 17 2 246 12 126 
d 115 254 0 15 15 6 255 255 1 240 15 1 209 236 17 198 
d 95 1 1 0 0 7 1 15 0 240 15 10 225 240 2 79 
d 80 2 0 240 17 253 0 16 240 0 0 0 15 3 14 0 
d 84 3 0 0 17 247 255 15 17 17 15 1 1 2 239 255 
d 75 4 0 240 241 254 253 1 0 255 1 15 31 242 209 208 
d 61 1 0 15 16 6 254 1 2 1 15 2 254 240 240 48 
d 73 250 1 240 0 1 1 31 0 30 241 2 32 20 243 255 
d 80 253 0 15 16 1 1 1 18 225 30 15 223 253 1 219 
d 94 250 0 0 47 12 2 254 16 15 241 225 17 210 241 238 
d 87 10 240 0 241 7 255 211 240 15 15 0 13 15 255 13 
d 78 2 0 0 240 252 1 0 15 1 31 2 14 0 29 224 
d 213 246 218 239 160 254 251 238 223 0 16 14 239 0 1 17 
d 230 7 240 0 0 255 0 0 0 0 15 0 0 0 1 31 
d 219 248 224 0 16 3 1 14 238 0 15 0 1 0 0 0 
d 223 2 0 0 0 0 1 0 0 0 0 0 0 0 0 0 
d 221 252 0 0 0 0 0 0 0 0 0 0 0 0 0 0 
d 153 44 14 0 241 1 2 255 2 0 0 1 15 15 30 254 
d 41 14 32 16 17 1 2 0 16 0 1 0 255 15 255 16 
d 101 219 0 0 1 244 2 0 15 1 240 1 16 240 0 224 
d 100 30 17 0 255 3 252 240 1 15 240 15 224 16 17 0 
d 37 254 31 0 33 255 254 0 16 0 1 0 0 0 0 16 
d 184 220 174 17 254 251 254 4 80 0 14 0 0 15 1 30 
d 224 2 0 0 0 1 0 0 0 0 0 0 0 0 0 0 
d 226 254 0 0 0 255 0 0 0 0 0 0 0 0 0 0 
d 235 255 0 0 0 0 0 0 0 0 0 0 0 0 0 0 
d 223 254 16 0 16 1 5 30 241 0 255 15 241 1 15 0 
d 232 9 225 240 241 6 251 29 47 1 1 0 0 15 1 241 
d 95 8 50 1 32 5 6 34 33 0 255 1 15 47 254 146 
d 102 249 17 0 255 250 253 30 0 4 14 15 17 255 46 204 
d 135 2 0 15 0 4 4 1 15 239 15 0 1 197 242 1 
d 132 253 1 0 225 3 254 15 224 1 15 239 1 239 16 225 
d 122 2 0 0 241 5 255 0 0 1 240 0 17 1 254 49 
d 108 4 0 1 255 4 0 0 255 14 0 12 33 0 255 148 
d 88 2 0 0 0 255 255 1 2 239 31 0 254 31 33 237 
d 82 254 0 240 49 0 252 0 240 0 31 3 31 17 0 34 
d 86 255 16 240 0 1 1 0 240 16 15 1 15 14 60 30 
d 79 7 0 0 16 5 0 255 240 226 240 14 48 27 3 255 
d 60 1 240 17 1 255 1 241 30 255 241 15 2 51 225 207 
d 59 250 0 16 1 254 255 1 0 0 16 1 255 1 15 0 
d 63 1 16 17 16 2 0 255 16 240 2 15 16 15 226 210 
d 76 7 240 1 32 2 2 15 0 255 239 1 1 2 14 3 
d 60 255 0 0 240 7 0 0 241 16 0 14 15 15 1 224 
d 65 251 47 31 14 0 2 242 241 0 1 13 16 0 242 255 
d 210 5 221 13 31 250 251 252 255 0 15 19 111 34 16 1 
d 236 2 0 0 240 0 0 0 0 0 0 1 1 1 1 0 
d 216 253 16 0 0 255 255 1 0 0 0 0 240 0 0 0 
d 224 0 0 0 0 0 0 0 0 0 0 0 0 0 0 0 
d 221 253 0 0 0 255 0 0 0 0 0 0 0 0 0 0 
d 118 38 80 240 240 17 2 248 18 0 241 239 35 225 16 13 
d 34 0 17 16 16 2 7 17 2 1 14 14 224 239 255 14 
d 124 226 255 0 239 247 253 16 1 0 31 241 47 0 18 209 
d 94 33 33 0 240 10 2 15 223 16 255 16 240 17 255 239 
d 44 251 47 0 241 253 2 255 0 241 240 15 31 15 0 1 
d 207 238 222 255 239 244 246 239 35 238 241 0 17 18 17 16 
d 221 0 0 0 0 1 1 0 0 0 0 0 0 0 0 0 
d 225 254 0 0 0 1 0 0 0 0 0 0 0 0 0 0 
d 222 4 0 0 0 4 255 241 16 15 1 0 31 15 1 240 
d 231 251 0 0 0 253 254 0 240 0 0 0 0 0 0 0 
d 187 38 208 0 0 16 247 243 225 46 2 1 31 0 241 226 
d 78 0 0 16 255 0 255 18 14 1 15 242 17 16 14 239 
d 106 249 0 16 0 6 0 240 240 1 0 15 190 226 255 0 
d 112 254 0 16 16 6 254 255 16 0 15 62 0 253 255 64 
d 115 5 255 31 15 7 255 0 17 0 30 33 17 30 29 210 
d 96 3 0 0 16 3 254 15 17 0 18 255 48 31 31 65 
d 84 2 0 32 240 3 1 17 0 241 240 3 224 15 49 221 
d 84 248 1 0 0 1 3 254 32 15 16 15 255 241 240 16 
d 97 254 0 0 0 2 255 240 15 225 31 15 31 240 17 206 
d 89 251 0 0 16 2 254 2 32 1 15 3 255 224 255 254 
d 96 8 0 0 241 250 2 1 240 15 255 241 30 1 2 4 
d 73 2 240 0 0 244 254 0 15 15 14 1 17 239 46 208 
d 63 4 0 0 0 253 254 15 15 0 0 15 240 1 0 17 
d 48 255 0 16 16 1 1 0 240 0 15 255 0 1 0 15 
d 63 5 240 16 0 2 254 2 15 240 17 1 31 0 0 29 
d 50 253 0 0 15 2 255 1 0 31 1 14 32 1 31 239 
d 44 3 0 0 0 1 254 16 240 0 0 0 16 14 1 1 
d 214 248 174 192 224 6 14 37 16 255 240 0 0 18 253 63 
d 225 249 224 0 240 3 2 13 238 0 18 1 17 0 0 0 
d 220 3 0 0 16 0 255 0 0 0 0 0 0 0 0 0 
d 220 0 0 0 0 0 255 0 0 0 0 0 0 0 0 0 
d 222 253 0 0 0 1 255 0 0 0 0 0 0 0 0 0 
d 82 48 114 253 223 254 253 4 47 0 14 1 15 255 17 210 
d 27 248 31 16 255 3 0 0 16 1 240 1 240 31 0 241 
d 150 228 176 240 0 255 0 15 242 240 17 253 2 18 31 3 
d 85 34 32 15 1 247 251 19 15 17 0 0 240 14 17 63 
d 49 248 47 0 255 0 3 242 225 0 15 2 15 1 0 241 
d 223 254 240 255 239 1 0 1 0 0 0 14 238 1 0 225 
d 221 254 0 0 1 255 0 1 240 0 0 0 0 0 0 0 
d 223 0 0 0 0 0 254 15 16 0 1 0 0 0 0 0 
d 217 251 16 0 15 0 2 16 0 0 1 0 0 0 0 240 
d 238 254 0 0 0 255 255 0 0 0 0 0 0 0 0 0 
d 159 43 224 48 225 1 1 18 14 240 14 2 242 15 0 77 
d 92 252 224 0 15 5 253 0 16 255 1 240 255 17 49 237 
d 91 0 16 0 0 255 1 33 19 240 1 254 224 238 17 229 
d 93 1 0 0 0 6 253 0 240 0 2 15 255 14 31 207 
d 92 254 0 0 241 7 0 0 0 255 255 2 224 2 33 62 
d 86 1 0 0 0 3 5 254 0 16 0 241 15 17 17 30 
d 86 2 224 0 255 252 255 241 240 254 1 243 16 15 241 238 
d 79 0 224 16 0 253 0 33 240 1 254 224 47 46 255 31 
d 69 1 0 16 240 254 255 1 0 0 0 14 17 1 0 15
d 43 252 0 255 33 0 2 1 2 0 0 14 0 0 16 1 
d 62 254 241 240 48 252 253 3 31 1 15 16 0 0 1 31 
d 66 254 31 240 208 0 0 2 3 0 15 242 16 241 3 18 
d 71 0 1 0 78 249 250 16 255 0 2 1 240 2 0 16 
d 79 249 15 1 194 249 4 2 210 1 254 18 15 240 31 207 
d 88 252 18 240 47 251 0 0 225 0 3 244 35 16 29 253 
d 88 252 0 34 3 4 252 31 13 0 13 226 16 15 255 245 
d 121 1 32 224 240 3 253 32 14 0 243 2 0 29 239 17 
d 117 5 16 241 65 253 255 31 17 15 29 15 16 2 225 79 
d 107 7 17 240 2 253 253 2 17 3 254 0 13 2 254 226 
d 96 5 16 254 224 3 253 13 223 208 1 255 13 241 31 225 
d 115 255 224 226 180 3 253 15 20 208 15 4 255 4 18 163 
d 93 5 1 32 30 16 2 209 1 30 253 20 3 0 254 16 
d 98 2 16 240 47 9 252 29 3 17 47 42 254 1 240 32 
d 89 253 0 254 223 15 251 34 208 255 33 31 33 49 238 30 
d 89 255 0 0 49 16 254 3 13 1 227 14 193 239 243 14 
d 96 245 0 0 229 12 255 3 2 31 1 229 239 227 29 3 
d 122 254 32 239 4 15 254 237 191 33 30 224 255 237 15 51 
d 121 1 31 32 18 1 0 211 80 64 16 225 255 35 16 4 
d 110 1 0 16 1 4 254 13 243 47 35 14 254 66 16 89 
d 108 0 0 0 18 2 1 27 16 64 12 18 14 18 0 239 
d 114 255 0 15 98 253 3 1 48 32 18 17 13 237 252 33 
d 130 247 240 2 193 243 0 29 255 240 241 4 0 16 14 18 
d 159 5 15 241 64 251 4 210 222 225 18 241 45 15 14 2 
d 127 6 47 0 235 7 255 2 15 16 14 16 155 12 255 17 
d 116 2 16 16 209 4 1 31 20 224 224 17 210 16 30 194 
d 119 7 240 31 239 3 253 33 0 241 12 208 237 227 1 63 
d 119 2 0 31 238 5 253 16 32 0 4 1 32 19 15 47 
d 109 3 1 240 16 255 1 17 240 0 1 46 2 242 14 238 
d 105 255 240 240 46 253 0 255 1 1 240 16 17 240 239 35 
d 97 2 1 0 243 4 2 241 240 0 0 2 240 62 241 31 
d 71 3 0 16 17 0 254 0 15 15 1 0 255 16 15 226 
d 38 254 0 0 1 253 0 0 240 0 0 0 16 0 15 16 
d 67 252 240 16 241 0 1 0 0 0 0 242 14 0 17 243 
d 81 255 224 15 255 254 3 14 30 0 1 0 255 30 241 224 
d 78 255 15 0 44 6 254 0 240 0 1 0 225 2 15 30 
d 85 0 240 0 18 0 254 242 16 240 240 0 208 17 239 241 
d 87 5 240 240 224 5 252 242 224 30 30 15 224 33 255 12 
d 75 255 0 0 15 5 255 1 0 32 3 17 225 255 31 32 
d 104 251 1 240 62 12 253 64 210 16 43 12 224 251 2 243 
d 117 255 1 240 45 11 4 0 16 1 15 46 16 0 221 239 
d 112 1 0 0 189 254 255 0 0 208 14 0 63 51 240 207 
d 89 1 225 31 192 255 2 255 32 254 0 14 222 228 241 14 
d 78 6 15 0 255 255 253 242 1 240 14 22 239 221 237 32 
d 110 250 0 0 1 4 3 241 242 206 3 254 15 244 2 15 
d 117 252 63 31 225 238 2 0 255 224 3 18 239 242 33 35 
d 128 255 240 16 226 228 252 2 14 0 226 5 253 240 241 0 
d 106 244 50 1 61 242 6 239 16 209 254 224 13 36 15 32 
d 139 245 16 1 62 232 253 15 192 177 1 1 240 3 15 253 
d 172 255 224 18 35 3 251 19 0 175 255 14 16 224 15 46 
d 129 7 1 0 5 29 2 15 255 239 19 240 79 30 47 205 
d 105 247 17 15 16 11 6 30 30 242 235 13 225 16 2 187 
d 124 254 0 1 34 16 251 1 16 192 17 208 47 33 226 18 
d 124 3 16 240 31 29 0 240 240 223 255 241 255 1 28 223 
d 117 254 240 1 224 26 255 0 224 255 17 14 225 31 243 143 
d 109 254 0 17 50 25 255 254 255 0 14 15 0 33 45 31 
d 96 4 241 2 13 16 7 0 95 241 1 2 240 2 30 94 
d 82 251 14 0 242 8 0 15 16 239 18 240 79 16 17 15 
d 96 4 16 0 0 10 255 30 238 0 2 35 62 31 15 212 
d 98 255 0 17 16 11 255 1 14 17 253 254 210 208 2 17 
d 111 0 15 0 255 249 7 16 48 240 14 19 222 46 238 223 
d 113 1 240 0 227 255 254 0 15 1 1 63 44 17 224 46 
d 101 0 0 16 15 246 2 31 0 241 241 31 240 47 31 47 
d 73 1 0 17 0 2 255 15 240 15 16 240 255 240 239 202 
d 48 255 255 0 223 253 255 16 241 0 2 17 240 0 240 17 
d 69 253 0 240 46 4 1 3 47 0 243 241 241 14 240 16 
d 87 253 1 240 221 254 1 2 254 31 1 17 223 3 2 221 
d 87 254 16 0 31 1 6 15 31 0 0 14 31 13 0 3 
d 86 5 16 15 15 1 3 15 15 17 224 15 32 1 210 240 
d 65 3 16 0 255 252 3 240 0 239 15 0 32 18 2 81 
d 67 5 240 15 208 2 0 15 240 16 2 240 47 0 255 207 
d 53 1 0 15 33 3 255 1 17 16 1 30 240 15 14 223 
d 52 1 0 0 31 4 254 15 241 16 0 0 239 31 15 0 
d 49 3 0 0 15 3 1 1 16 16 0 15 255 14 0 0 
d 49 1 0 0 224 6 0 1 15 32 1 47 1 32 32 18 
d 47 1 0 0 0 3 1 0 240 0 0 16 16 15 16 33 
d 45 254 0 0 240 0 255 0 0 0 0 0 1 1 0 15 
d 76 246 0 16 241 15 250 255 15 1 0 242 224 242 30 114 
d 91 3 0 46 13 22 0 46 46 30 47 44 194 0 0 64 
d 73 12 15 15 240 15 5 31 240 33 15 15 47 14 13 16 
d 84 255 255 240 0 24 253 15 241 253 33 15 33 48 46 252 
d 63 9 0 0 240 17 2 3 1 66 1 18 31 1 2 15 
d 55 251 0 0 1 253 4 0 17 31 0 226 31 47 240 16 
d 66 255 241 0 46 4 254 13 33 16 2 15 254 16 0 34 
d 47 2 0 0 241 8 0 0 240 0 0 32 1 15 0 32 
d 49 0 16 0 31 13 1 1 255 0 0 1 16 15 0 14 
d 52 4 16 255 255 1 254 1 34 2 16 14 241 33 255 17 
d 54 0 0 16 223 253 255 0 16 0 1 1 254 15 0 17 
d 53 254 0 15 15 3 254 16 15 15 31 15 15 240 226 224 
d 65 0 0 0 1 5 4 2 241 49 0 3 46 3 241 17 
d 89 251 0 240 16 244 2 15 32 1 1 1 63 64 174 22 
d 101 6 0 1 31 1 252 2 1 240 1 5 30 32 254 241 
d 113 1 240 0 241 251 3 1 33 16 1 30 254 18 252 50 
d 117 252 0 240 15 252 254 15 255 224 16 17 15 15 2 161 
d 91 3 32 240 16 250 4 0 1 255 31 19 240 4 14 16 
d 80 1 0 240 16 0 250 30 17 18 32 15 0 28 0 52 
d 65 251 0 31 241 251 1 29 241 255 241 241 241 13 1 240 
d 75 250 0 15 255 255 1 0 15 224 255 15 16 0 29 240 
d 83 3 16 15 1 253 4 16 30 0 240 30 238 14 0 47 
d 102 255 0 0 240 251 0 1 238 240 46 17 47 3 28 196 
d 97 3 0 0 224 249 255 46 16 46 0 15 49 14 236 90 
d 78 4 16 16 32 255 0 30 241 49 16 1 45 255 1 64 
d 68 4 1 15 209 254 252 1 1 16 1 0 0 29 0 254 
d 66 251 0 1 254 253 2 15 240 0 1 240 255 17 15 45 
d 57 3 0 0 225 251 0 1 31 31 240 0 240 243 29 210 
d 48 8 224 31 222 255 253 32 208 30 226 2 27 243 2 16 
d 28 250 0 0 0 2 3 0 0 1 0 30 32 0 17 32 
d 33 249 16 16 16 2 255 0 16 241 241 3 242 16 31 15 
d 69 3 0 240 208 254 252 226 16 210 30 0 111 240 15 35 
d 55 9 0 0 14 246 250 17 16 32 255 2 31 0 15 243 
d 40 253 0 0 240 5 0 0 240 0 0 1 15 1 15 33 
d 55 253 240 0 16 12 255 0 0 31 1 240 1 30 1 18 
d 57 4 0 0 1 10 4 1 15 17 0 0 0 0 240 223 
d 69 251 15 0 240 249 2 0 0 224 32 242 1 1 1 45 
d 74 10 0 16 206 14 250 255 1 30 2 31 0 14 224 196 
d 55 7 208 14 48 2 2 16 240 13 247 15 224 1 1 1 
d 27 0 240 0 16 6 0 241 0 224 16 224 63 1 17 31 
d 32 244 47 0 241 2 254 0 1 242 241 229 225 0 29 64 
d 82 8 78 187 159 253 254 241 48 226 12 6 44 2 14 237 
d 104 8 0 1 17 238 1 47 0 0 15 2 205 14 255 15 
d 82 253 0 0 227 246 255 15 17 241 1 1 16 1 0 34 
d 102 253 0 0 15 246 2 14 14 224 1 226 0 12 1 225 
d 114 252 240 240 240 0 255 241 0 14 35 29 238 3 36 64 
d 113 3 16 15 0 252 2 0 253 1 16 16 2 234 0 246 
d 108 6 0 0 240 3 255 255 0 224 15 255 238 16 3 47 
d 96 252 0 16 33 9 2 1 255 1 14 15 47 15 253 240 
d 98 7 240 0 1 0 1 255 16 240 17 243 17 19 28 38 
d 73 5 0 16 255 0 0 1 16 1 13 3 0 61 4 33 
d 59 0 16 0 33 0 255 254 0 15 0 0 46 1 0 228 
d 69 252 0 0 240 1 1 0 224 16 2 240 241 15 1 238 
d 80 252 0 16 240 255 0 255 17 30 0 1 3 14 255 11 
d 99 1 0 0 31 1 253 0 15 2 31 14 208 2 241 203 
d 102 252 240 16 15 8 2 46 240 224 0 31 255 227 208 17 
d 104 254 0 0 0 5 255 2 0 0 15 0 33 238 12 26 
d 117 1 255 0 63 251 1 255 79 225 2 17 241 0 32 79 
d 103 253 16 255 15 249 252 0 1 240 1 14 31 241 0 224 
d 122 7 208 0 0 253 0 1 16 241 15 2 240 30 254 64 
d 54 7 3 15 46 253 253 2 209 31 228 240 239 31 225 32 
d 24 8 0 0 221 251 0 17 255 254 1 15 190 0 1 33 
d 22 253 0 0 0 251 0 0 31 0 0 14 0 240 1 0 
d 42 5 15 240 221 5 6 13 253 15 17 243 65 32 15 16 
d 67 245 15 16 223 0 0 224 1 34 241 15 224 2 14 2 
d 45 17 32 240 18 249 251 241 17 16 15 253 240 0 1 19 
d 37 250 0 241 0 1 0 240 0 1 0 30 1 0 1 15 
d 42 254 0 0 0 252 4 0 16 15 0 0 16 2 31 0 
d 72 239 0 16 225 251 255 46 240 1 15 29 240 15 0 242 
d 67 5 34 16 239 252 7 14 16 240 15 0 226 15 5 17 
d 45 2 15 225 18 2 252 0 226 13 2 253 3 17 3 14 
d 26 2 0 0 0 252 1 15 1 240 16 254 33 14 0 34 
d 42 246 16 0 16 243 2 0 240 0 15 2 241 60 0 18 
d 91 4 32 0 225 245 6 16 242 16 254 15 240 253 36 47 
d 127 1 224 0 49 4 247 240 0 1 0 3 1 17 1 34 
d 101 0 31 241 212 7 4 242 16 0 1 29 32 1 14 254 
d 115 253 0 2 255 1 254 13 0 0 15 1 29 31 11 230 
d 123 255 0 15 224 253 253 3 47 15 225 17 31 30 29 255 
d 117 2 0 15 240 245 1 33 17 1 15 243 16 28 240 203 
d 118 253 16 240 16 249 0 2 15 0 30 12 0 18 34 15 
d 118 5 0 240 240 251 249 1 240 18 0 17 14 31 15 193 
d 95 9 31 16 1 255 5 17 16 0 13 14 225 28 228 1 
d 84 9 0 0 0 255 253 15 254 224 16 255 253 63 12 226 
d 57 1 32 0 30 1 0 16 14 0 240 14 16 31 1 255 
d 74 254 0 0 241 252 255 2 31 255 15 15 0 15 1 15 
d 88 253 241 0 240 250 2 1 1 0 46 14 50 47 12 66 
d 99 253 240 16 0 0 2 241 16 1 1 0 242 35 192 237 
d 97 255 0 0 239 255 255 254 31 16 14 0 16 225 237 54 
d 108 6 0 0 15 2 254 2 255 15 15 1 13 0 224 20 
d 115 252 15 240 225 6 0 0 255 0 0 1 0 208 254 36 
d 112 1 0 0 243 253 254 2 16 0 1 1 81 243 30 235 
d 111 2 1 15 63 0 255 0 240 16 240 0 0 243 17 241 
d 95 5 0 1 14 0 0 16 240 15 242 15 239 13 0 255 
d 80 0 0 0 33 240 0 16 0 224 240 242 30 241 40 47 
d 84 254 0 240 15 237 0 0 14 176 1 241 15 16 112 136 
d 106 243 0 0 0 241 253 16 241 208 0 194 1 0 19 65 
d 112 9 0 30 225 7 250 31 255 253 14 191 49 205 14 33 
d 51 6 47 17 33 255 6 234 223 32 31 1 222 2 17 78 
d 48 0 64 31 1 251 3 240 225 15 0 1 1 241 240 14 
d 62 252 32 2 0 253 0 0 0 15 0 13 0 15 15 17 
d 97 6 237 31 224 242 2 3 14 15 227 0 1 13 2 0 
d 91 243 17 1 48 2 247 224 34 16 236 15 4 16 240 2 
d 119 0 0 0 241 5 4 0 49 239 15 48 224 4 14 26 
d 113 254 16 32 240 250 255 17 30 47 0 0 48 173 164 142 
d 125 0 0 0 239 243 1 30 16 6 255 51 15 2 75 142 
d 121 2 0 0 35 13 255 15 240 238 14 5 237 10 14 18 
d 100 7 0 16 49 0 4 19 1 18 18 16 223 14 241 33 
d 101 252 16 0 208 253 253 3 0 15 33 15 193 31 14 52 
d 110 253 0 240 254 250 254 2 253 16 34 12 240 5 31 61 
d 126 245 240 0 15 4 0 240 33 15 1 242 13 18 208 162 
d 126 3 31 1 0 5 0 0 15 1 1 46 208 13 255 13 
d 131 0 240 0 224 0 1 0 241 0 0 33 30 224 47 15 
d 116 255 0 0 0 0 254 1 0 240 16 51 0 244 30 19 
d 104 6 16 0 18 254 253 0 1 240 17 44 241 207 66 74 
d 85 3 240 0 0 253 0 17 15 241 14 1 17 20 15 5 
d 54 255 32 17 33 2 0 3 16 17 14 1 31 0 15 239 
d 76 2 0 0 0 252 1 0 239 1 255 31 255 13 16 16 
d 91 255 240 240 241 7 251 255 0 0 255 47 225 50 254 51 
d 92 254 0 0 16 4 1 16 1 241 15 4 0 60 211 252 
d 101 253 240 16 0 252 4 31 32 0 14 47 241 46 208 0 
d 104 251 0 0 0 254 0 255 15 1 241 1 239 225 31 206 
d 109 0 0 31 0 8 254 0 16 224 15 254 2 17 18 20 
d 111 254 0 1 18 3 2 17 1 0 15 17 31 0 1 19 
d 110 2 0 16 240 6 255 241 2 1 255 240 33 240 2 48 
d 79 9 16 15 241 254 254 30 30 238 0 45 224 15 2 16 
d 94 248 0 255 18 5 3 241 15 110 15 244 32 30 207 59 
d 117 253 0 0 31 245 0 1 16 112 0 222 30 78 239 78 
d 135 251 240 0 15 228 7 30 224 81 47 32 208 7 13 113 
d 99 14 47 0 32 253 241 228 226 99 14 237 127 237 1 31 
d 97 247 209 30 239 245 254 36 0 0 31 3 17 244 0 14 
d 68 236 80 64 4 1 3 0 17 255 15 1 1 242 31 31 
d 72 3 64 16 224 255 255 240 241 0 242 17 240 255 16 60 
d 100 251 211 240 192 12 250 220 50 1 11 0 15 0 0 224 
d 123 222 2 32 241 240 17 47 2 3 225 48 130 61 15 18 
d 203 252 0 0 0 226 254 15 0 144 15 225 224 33 81 117 
d 200 5 0 0 0 227 255 1 15 128 0 250 63 14 16 238 
d 135 19 0 16 0 227 2 0 31 173 16 127 225 230 0 140 
d 99 253 0 240 222 252 248 241 241 14 31 38 0 202 2 15 
d 107 7 0 14 15 1 253 0 2 0 0 1 254 16 16 224 
d 103 1 31 0 240 4 0 15 15 241 255 28 240 34 30 30 
d 113 252 0 15 0 254 2 1 16 1 240 6 17 3 31 17 
d 128 0 0 1 255 252 1 240 0 224 1 45 223 241 242 240 
d 129 1 0 0 226 244 255 17 0 14 240 17 14 62 15 161 
d 139 2 0 0 0 253 1 240 0 16 1 2 240 18 0 79 
d 126 255 0 16 0 250 253 2 241 0 241 2 192 226 15 227 
d 111 7 0 0 225 4 1 14 241 0 241 254 225 195 33 252 
d 93 4 240 1 0 7 1 17 1 255 1 31 31 253 255 242 
d 64 253 0 17 16 0 255 240 0 240 0 1 0 32 241 224 
d 73 0 0 0 241 3 254 15 240 0 15 16 1 15 225 47 
d 89 1 240 0 33 7 3 15 224 16 255 229 16 29 15 127 
d 90 1 0 15 31 255 254 242 0 1 255 15 0 80 243 15 
d 97 252 16 240 16 5 1 239 0 240 1 254 34 30 254 2 
d 99 1 0 0 18 2 252 0 241 14 0 242 2 16 2 94 
d 107 0 224 0 240 0 255 2 2 2 31 0 16 240 252 32 
d 92 4 0 240 240 5 249 243 1 0 15 0 30 31 17 222 
d 87 1 0 241 240 1 5 14 255 241 254 0 15 4 14 162 
d 91 241 48 1 14 240 13 224 15 15 0 28 255 223 241 224 
d 176 247 0 0 32 243 239 15 0 80 225 7 206 0 254 226 
d 222 246 240 0 0 14 9 15 255 239 19 15 221 2 15 16 
d 231 1 0 0 0 255 1 0 0 0 0 0 0 0 0 0 
d 141 54 238 32 47 5 255 240 46 0 31 0 255 1 1 32 
d 103 254 176 224 2 4 3 29 178 1 15 14 1 240 16 17 
d 63 231 110 32 17 255 255 16 32 0 0 1 1 15 15 2 
d 49 3 81 50 49 5 0 15 32 16 15 15 16 17 0 16 
d 80 18 255 239 243 253 1 30 226 15 17 15 242 14 0 15 
d 167 210 144 33 255 248 250 22 47 0 15 15 17 18 0 0 
d 219 254 0 0 16 1 2 0 255 16 0 15 1 1 15 16 
d 223 0 0 0 0 241 4 0 0 226 0 244 16 3 2 0 
d 210 10 240 0 1 244 250 15 1 130 241 238 0 176 239 206 
d 123 12 16 0 241 248 3 1 15 203 241 194 241 28 209 14 
d 95 0 0 16 2 4 1 254 30 255 17 253 15 14 255 1 
d 91 1 16 15 3 1 0 12 224 1 3 240 243 14 0 223 
d 108 250 240 240 255 7 0 1 240 15 15 1 254 15 0 9 
d 121 253 0 15 17 2 2 0 16 16 240 1 64 31 14 242 
d 118 253 0 0 0 3 255 0 1 14 0 15 16 33 33 17 
d 130 255 0 240 240 253 4 15 240 32 0 255 32 223 17 29 
d 123 3 0 0 225 0 254 0 240 33 0 33 17 0 18 235 
d 107 5 0 15 1 251 4 0 240 17 0 227 209 241 15 7 
d 91 7 16 0 0 1 2 15 0 32 13 0 238 0 1 193 
d 66 3 1 16 31 4 1 1 15 0 254 0 32 14 31 13 
d 73 255 0 0 15 4 0 15 1 255 15 16 239 1 14 32 
d 84 252 241 240 30 253 1 18 241 0 15 17 224 29 17 51 
d 84 4 0 0 1 254 255 0 254 0 1 3 16 2 204 61 
d 93 252 0 240 225 0 255 15 31 0 1 16 224 171 1 237 
d 95 0 0 0 2 253 2 16 240 16 0 254 18 239 28 32 
d 79 5 0 15 0 9 1 15 0 30 2 241 1 1 3 19 
d 84 0 0 14 0 249 6 16 16 49 15 15 18 2 237 79 
d 94 252 46 31 1 241 0 227 195 240 31 2 255 255 240 51 
d 174 253 15 15 0 224 245 44 31 252 32 14 2 2 16 65 
d 232 251 239 0 0 5 5 17 0 240 1 0 254 1 0 240 
d 217 3 16 0 0 249 254 32 15 255 17 14 1 15 15 0 
d 226 254 0 0 0 2 1 0 0 0 0 0 0 0 0 1 
d 126 55 44 1 30 1 255 243 254 0 1 17 223 1 0 238 
d 79 9 191 0 16 2 251 244 32 0 15 241 31 15 0 18 
d 58 235 79 47 47 0 0 15 0 0 1 0 0 240 1 225 
d 45 13 49 33 32 1 254 1 0 0 15 0 31 1 0 1 
d 77 2 207 0 15 1 4 1 224 15 16 0 1 0 1 238 
d 193 228 139 207 1 0 1 0 17 0 1 0 0 0 0 0 
d 229 253 0 0 0 255 255 0 0 0 0 0 0 0 0 0 
d 225 5 0 0 1 7 0 241 0 14 16 1 30 0 0 241 
d 214 251 0 0 16 239 2 17 1 2 18 3 17 2 18 31 
d 215 13 224 0 0 3 247 0 0 208 15 240 225 254 241 255 
d 124 4 49 16 255 1 4 1 18 0 2 237 255 32 255 16 
d 110 9 0 1 1 244 1 17 210 31 240 17 35 253 13 251 
d 101 251 0 0 241 250 252 2 16 15 241 0 238 62 0 61 
d 126 254 0 0 225 248 3 31 0 30 242 4 240 6 241 225 
d 124 2 0 0 31 5 253 240 0 1 1 15 240 238 207 51 
d 127 1 0 0 0 253 1 1 17 16 240 15 0 227 253 45 
d 130 0 0 0 241 255 255 15 31 16 1 1 16 254 242 46 
d 106 5 0 0 49 3 255 254 0 33 241 19 254 42 238 11 
d 94 5 16 240 15 1 251 17 0 0 2 4 47 1 227 241 
d 70 252 0 1 1 0 1 0 47 31 0 2 225 14 242 209 
d 74 0 0 1 17 2 1 1 15 0 32 0 17 240 28 15 
d 79 3 0 0 240 248 0 1 0 18 15 15 48 17 3 254 
d 84 0 16 16 254 255 253 2 255 33 240 19 33 2 0 35 
d 100 4 0 0 255 3 1 0 241 18 240 1 1 30 255 226 
d 96 1 0 0 16 1 2 15 0 241 0 17 239 50 1 32 
d 112 252 0 0 225 249 252 0 241 15 14 244 16 3 0 32 
d 113 1 0 0 16 252 4 15 1 0 0 15 0 15 14 188 
d 105 245 77 30 45 251 250 46 60 0 240 3 63 16 14 78 
d 233 3 0 0 0 255 1 0 0 0 0 0 0 0 0 0 
d 220 251 17 0 0 255 253 243 31 0 255 0 15 15 15 1 
d 227 2 0 0 0 0 0 0 0 0 0 0 0 0 0 0 
d 220 254 0 0 0 0 255 0 16 0 0 0 0 0 0 0 
d 118 55 75 227 46 1 2 255 17 0 1 0 17 16 15 240 
d 65 20 15 254 222 1 3 239 240 15 15 15 240 240 14 241 
d 57 238 32 0 16 252 0 14 0 0 0 15 16 30 31 48 
d 40 11 33 16 15 254 0 1 0 1 0 0 0 16 0 31 
d 80 243 239 14 16 0 1 16 254 240 0 1 47 1 1 33 
d 194 227 139 208 34 0 1 0 255 0 15 15 0 15 0 0 
d 224 0 0 0 0 1 0 0 0 0 0 0 0 0 0 0 
d 230 249 0 0 0 252 254 1 16 0 1 0 16 0 0 0 
d 236 6 240 0 16 5 253 0 241 0 15 0 241 0 0 0 
d 210 248 1 0 15 242 2 19 1 3 17 3 14 1 1 15 
d 165 21 32 241 15 239 251 50 254 14 1 15 0 0 1 36 
d 140 254 0 240 240 253 255 1 0 48 31 0 79 46 240 17 
d 143 253 0 0 255 2 254 255 241 17 3 3 18 226 239 30 
d 135 0 0 0 0 252 254 17 32 240 46 0 240 16 47 47 
d 136 0 0 0 2 5 2 15 16 0 0 0 1 242 15 243 
d 141 255 240 0 15 8 254 0 240 0 1 0 0 2 34 17 
d 119 4 16 240 17 8 255 0 16 240 31 15 242 240 30 31 
d 106 1 16 240 0 255 1 1 15 48 14 240 0 237 1 177 
d 85 7 1 0 240 255 2 240 15 255 32 2 239 2 3 93 
d 69 0 1 16 33 255 3 33 16 241 31 1 16 31 33 46 
d 66 255 0 0 15 254 3 15 0 0 16 0 17 1 14 18 
d 74 0 0 1 0 254 0 0 1 15 3 255 34 1 19 238 
d 80 1 240 15 16 253 1 1 17 1 1 1 31 253 3 93 
d 86 251 0 0 255 249 255 1 0 0 1 241 241 15 63 161 
d 110 1 0 240 224 249 255 15 16 13 1 1 254 14 1 64 
d 107 2 0 0 239 7 255 15 0 1 15 242 62 1 241 85 
d 101 6 0 15 1 10 253 15 241 15 17 13 226 47 254 35 
d 164 227 193 240 18 247 3 17 0 225 18 240 207 240 21 241 
d 227 250 239 255 239 2 1 15 255 0 19 0 255 0 1 241 
d 221 5 0 0 0 255 0 15 31 0 15 0 0 15 0 0 
d 226 0 0 0 0 1 1 0 0 0 0 0 0 0 0 0 
d 224 1 0 0 0 255 0 0 0 0 0 0 0 0 0 0 
d 118 45 124 225 46 0 2 13 240 0 242 14 34 18 253 46 
d 53 19 16 240 2 4 255 1 0 0 0 15 16 17 255 46 
d 61 239 0 0 240 1 1 1 0 30 1 1 14 0 0 16 
d 43 12 17 0 0 252 254 1 16 17 15 0 1 2 0 242 
d 75 238 224 16 0 6 0 254 46 240 1 0 255 14 0 2 
d 202 233 172 223 240 1 0 253 204 255 1 19 49 254 15 62 
d 225 254 0 0 0 255 1 0 0 0 0 0 0 0 0 0 
d 236 255 0 0 0 1 255 0 0 0 0 0 0 0 0 0 
d 230 0 16 0 0 0 3 15 0 0 15 0 0 0 0 0 
d 244 255 0 0 0 255 255 0 0 0 0 0 0 0 0 0 
d 185 23 16 240 241 252 3 28 1 48 240 240 241 0 1 195 
d 142 251 16 1 16 6 3 14 30 240 2 13 16 44 15 241 
d 154 254 0 0 1 3 5 15 254 0 0 33 241 3 12 111 
d 152 1 240 16 15 253 2 15 1 255 1 14 240 238 1 46 
d 143 3 0 1 31 1 255 255 15 17 255 4 47 15 29 30 
d 135 4 0 0 255 248 255 1 1 0 15 255 18 32 1 33 
d 125 255 0 15 0 249 3 0 15 0 1 15 238 63 12 45 
d 109 0 0 1 31 249 0 30 0 15 1 35 207 14 16 19 
d 87 4 1 0 241 4 254 240 240 29 243 253 29 1 5 253 
d 71 252 0 0 0 255 255 0 16 0 1 17 33 15 240 253 
d 68 2 0 0 17 4 255 1 0 0 0 1 17 0 240 208 
d 88 251 0 0 241 7 253 2 31 0 15 3 45 15 13 68 
d 90 255 0 240 242 2 0 242 0 2 15 13 31 47 2 240 
d 101 253 0 0 0 3 255 18 224 15 1 17 17 1 0 53 
d 101 2 0 0 2 2 255 1 0 224 15 2 31 1 1 43 
d 99 255 0 15 47 2 2 224 15 63 1 255 46 12 14 208 
d 91 6 240 0 47 254 253 0 47 241 15 18 241 2 0 254 
d 179 212 208 255 35 250 255 36 16 1 14 0 0 17 15 34 
d 227 253 33 15 0 254 254 3 63 0 0 0 0 0 0 240 
d 230 1 0 0 0 255 0 0 0 0 0 0 0 0 0 0 
d 221 254 0 0 0 0 255 0 0 0 0 0 0 0 0 0 
d 229 0 0 0 0 255 0 0 0 0 0 0 0 0 0 0 
d 135 52 27 20 250 0 0 0 16 0 1 2 224 0 1 15 
d 47 17 14 1 253 5 3 253 2 1 0 254 17 0 0 15 
d 60 237 0 0 47 0 255 1 0 47 1 2 240 0 15 16 
d 60 19 0 240 0 253 254 1 0 0 15 253 240 16 1 14 
d 41 240 17 240 47 3 0 1 1 0 1 1 240 2 1 1 
d 188 223 158 36 116 0 255 254 240 0 1 1 255 15 0 1 
d 228 253 0 0 0 255 0 0 0 0 0 0 0 0 0 0 
d 230 1 0 0 0 2 0 0 0 0 0 0 0 0 0 0 
d 231 252 0 0 0 0 0 0 0 0 0 0 0 0 0 0 
d 244 0 0 0 0 1 255 15 31 0 0 0 0 0 0 0 
d 226 255 225 1 1 253 2 2 17 0 16 1 1 0 1 240 
d 126 3 49 2 34 246 0 13 47 49 240 255 254 14 15 34 
d 131 255 0 15 1 2 254 46 16 0 241 0 0 33 32 32 
d 141 0 16 240 31 11 2 1 0 0 0 0 0 1 32 221 
d 146 8 240 0 31 255 2 0 0 0 241 14 15 226 0 239 
d 128 0 0 0 31 250 255 1 16 0 15 14 17 46 12 3 
d 120 6 0 1 0 253 253 0 0 1 241 20 15 17 31 239 
d 97 0 0 16 1 1 1 0 240 1 15 4 61 254 242 20 
d 69 5 0 240 1 0 254 0 240 15 0 1 1 14 208 35 
d 71 0 0 0 254 1 254 0 18 240 15 1 240 0 254 17 
d 70 0 240 240 241 4 1 15 0 239 0 15 225 15 15 222 
d 61 252 0 0 15 3 1 15 15 15 1 0 0 2 254 240 
d 80 255 0 16 0 255 3 0 0 16 1 1 15 2 18 224 
d 87 251 16 15 0 4 255 1 16 47 14 31 16 3 13 0 
d 110 2 0 0 255 1 1 0 14 240 31 19 15 12 19 58 
d 102 254 0 17 30 0 0 0 33 0 18 254 0 29 0 20 
d 77 12 16 0 31 6 4 15 0 239 14 14 16 19 17 46 
d 191 219 189 227 60 249 252 3 34 17 16 0 16 0 0 254 
d 225 10 0 16 1 0 255 29 47 0 0 1 0 15 15 15 
d 231 1 0 0 0 2 1 1 17 0 15 1 0 0 0 0 
d 224 2 0 0 0 0 0 0 0 0 0 0 0 0 0 0 
d 226 254 0 0 0 1 1 0 0 0 0 0 0 0 0 0 
d 158 47 237 110 198 2 0 241 16 0 1 0 0 1 0 240 
d 43 17 16 0 240 2 0 15 1 0 15 15 0 0 0 16 
d 78 230 31 31 47 253 2 15 31 0 241 14 47 240 255 240 
d 97 24 240 33 31 252 255 240 31 15 241 47 226 0 15 237 
d 39 248 32 0 29 0 253 0 0 0 0 0 1 1 30 32 
d 179 219 160 65 186 2 1 18 17 0 0 14 255 0 0 0 
d 228 0 0 0 0 0 255 0 0 0 0 0 0 0 0 0 
d 224 2 0 0 0 1 1 1 0 0 0 0 0 0 0 0 
d 233 253 0 0 0 255 255 0 0 0 0 0 0 0 0 0 
d 233 7 240 0 0 2 0 242 225 0 15 0 0 15 0 240 
d 236 254 240 240 240 254 254 15 240 0 0 0 0 0 0 0 
d 114 23 81 33 16 5 1 15 240 47 15 60 31 18 48 239 
d 124 248 240 0 240 9 1 255 0 32 17 17 35 210 2 0 
d 136 0 0 15 240 1 255 0 16 209 15 29 16 237 13 223 
d 135 1 0 16 16 1 0 3 16 0 31 30 33 46 12 218 
d 129 1 240 1 241 3 255 240 31 0 17 17 2 246 12 126 
d 115 254 0 15 15 6 255 255 1 240 15 1 209 236 17 198 
d 95 1 1 0 0 7 1 15 0 240 15 10 225 240 2 79 
d 80 2 0 240 17 253 0 16 240 0 0 0 15 3 14 0 
d 84 3 0 0 17 247 255 15 17 17 15 1 1 2 239 255 
d 75 4 0 240 241 254 253 1 0 255 1 15 31 242 209 208 
d 61 1 0 15 16 6 254 1 2 1 15 2 254 240 240 48 
d 73 250 1 240 0 1 1 31 0 30 241 2 32 20 243 255 
d 80 253 0 15 16 1 1 1 18 225 30 15 223 253 1 219 
d 94 250 0 0 47 12 2 254 16 15 241 225 17 210 241 238 
d 87 10 240 0 241 7 255 211 240 15 15 0 13 15 255 13 
d 78 2 0 0 240 252 1 0 15 1 31 2 14 0 29 224 
d 213 246 218 239 160 254 251 238 223 0 16 14 239 0 1 17 
d 230 7 240 0 0 255 0 0 0 0 15 0 0 0 1 31 
d 219 248 224 0 16 3 1 14 238 0 15 0 1 0 0 0 
d 223 2 0 0 0 0 1 0 0 0 0 0 0 0 0 0 
d 221 252 0 0 0 0 0 0 0 0 0 0 0 0 0 0 
d 153 44 14 0 241 1 2 255 2 0 0 1 15 15 30 254 
d 41 14 32 16 17 1 2 0 16 0 1 0 255 15 255 16 
d 101 219 0 0 1 244 2 0 15 1 240 1 16 240 0 224 
d 100 30 17 0 255 3 252 240 1 15 240 15 224 16 17 0 
d 37 254 31 0 33 255 254 0 16 0 1 0 0 0 0 16 
d 184 220 174 17 254 251 254 4 80 0 14 0 0 15 1 30 
d 224 2 0 0 0 1 0 0 0 0 0 0 0 0 0 0 
d 226 254 0 0 0 255 0 0 0 0 0 0 0 0 0 0 
d 235 255 0 0 0 0 0 0 0 0 0 0 0 0 0 0 
d 223 254 16 0 16 1 5 30 241 0 255 15 241 1 15 0 
d 232 9 225 240 241 6 251 29 47 1 1 0 0 15 1 241 
d 95 8 50 1 32 5 6 34 33 0 255 1 15 47 254 146 
d 102 249 17 0 255 250 253 30 0 4 14 15 17 255 46 204 
d 135 2 0 15 0 4 4 1 15 239 15 0 1 197 242 1 
d 132 253 1 0 225 3 254 15 224 1 15 239 1 239 16 225 
d 122 2 0 0 241 5 255 0 0 1 240 0 17 1 254 49 
d 108 4 0 1 255 4 0 0 255 14 0 12 33 0 255 148 
d 88 2 0 0 0 255 255 1 2 239 31 0 254 31 33 237 
d 82 254 0 240 49 0 252 0 240 0 31 3 31 17 0 34 
d 86 255 16 240 0 1 1 0 240 16 15 1 15 14 60 30 
d 79 7 0 0 16 5 0 255 240 226 240 14 48 27 3 255 
d 60 1 240 17 1 255 1 241 30 255 241 15 2 51 225 207 
d 59 250 0 16 1 254 255 1 0 0 16 1 255 1 15 0 
d 63 1 16 17 16 2 0 255 16 240 2 15 16 15 226 210 
d 76 7 240 1 32 2 2 15 0 255 239 1 1 2 14 3 
d 60 255 0 0 240 7 0 0 241 16 0 14 15 15 1 224 
d 65 251 47 31 14 0 2 242 241 0 1 13 16 0 242 255 
d 210 5 221 13 31 250 251 252 255 0 15 19 111 34 16 1 
d 236 2 0 0 240 0 0 0 0 0 0 1 1 1 1 0 
d 216 253 16 0 0 255 255 1 0 0 0 0 240 0 0 0 
d 224 0 0 0 0 0 0 0 0 0 0 0 0 0 0 0 
d 221 253 0 0 0 255 0 0 0 0 0 0 0 0 0 0 
d 118 38 80 240 240 17 2 248 18 0 241 239 35 225 16 13 
d 34 0 17 16 16 2 7 17 2 1 14 14 224 239 255 14 
d 124 226 255 0 239 247 253 16 1 0 31 241 47 0 18 209 
d 94 33 33 0 240 10 2 15 223 16 255 16 240 17 255 239 
d 44 251 47 0 241 253 2 255 0 241 240 15 31 15 0 1 
d 207 238 222 255 239 244 246 239 35 238 241 0 17 18 17 16 
d 221 0 0 0 0 1 1 0 0 0 0 0 0 0 0 0 
d 225 254 0 0 0 1 0 0 0 0 0 0 0 0 0 0 
d 222 4 0 0 0 4 255 241 16 15 1 0 31 15 1 240 
d 231 251 0 0 0 253 254 0 240 0 0 0 0 0 0 0 
d 187 38 208 0 0 16 247 243 225 46 2 1 31 0 241 226 
d 78 0 0 16 255 0 255 18 14 1 15 242 17 16 14 239 
d 106 249 0 16 0 6 0 240 240 1 0 15 190 226 255 0 
d 112 254 0 16 16 6 254 255 16 0 15 62 0 253 255 64 
d 115 5 255 31 15 7 255 0 17 0 30 33 17 30 29 210 
d 96 3 0 0 16 3 254 15 17 0 18 255 48 31 31 65 
d 84 2 0 32 240 3 1 17 0 241 240 3 224 15 49 221 
d 84 248 1 0 0 1 3 254 32 15 16 15 255 241 240 16 
d 97 254 0 0 0 2 255 240 15 225 31 15 31 240 17 206 
d 89 251 0 0 16 2 254 2 32 1 15 3 255 224 255 254 
d 96 8 0 0 241 250 2 1 240 15 255 241 30 1 2 4 
d 73 2 240 0 0 244 254 0 15 15 14 1 17 239 46 208 
d 63 4 0 0 0 253 254 15 15 0 0 15 240 1 0 17 
d 48 255 0 16 16 1 1 0 240 0 15 255 0 1 0 15 
d 63 5 240 16 0 2 254 2 15 240 17 1 31 0 0 29 
d 50 253 0 0 15 2 255 1 0 31 1 14 32 1 31 239 
d 44 3 0 0 0 1 254 16 240 0 0 0 16 14 1 1 
d 214 248 174 192 224 6 14 37 16 255 240 0 0 18 253 63 
d 225 249 224 0 240 3 2 13 238 0 18 1 17 0 0 0 
d 220 3 0 0 16 0 255 0 0 0 0 0 0 0 0 0 
d 220 0 0 0 0 0 255 0 0 0 0 0 0 0 0 0 
d 222 253 0 0 0 1 255 0 0 0 0 0 0 0 0 0 
d 82 48 114 253 223 254 253 4 47 0 14 1 15 255 17 210 
d 27 248 31 16 255 3 0 0 16 1 240 1 240 31 0 241 
d 150 228 176 240 0 255 0 15 242 240 17 253 2 18 31 3 
d 85 34 32 15 1 247 251 19 15 17 0 0 240 14 17 63 
d 49 248 47 0 255 0 3 242 225 0 15 2 15 1 0 241 
d 223 254 240 255 239 1 0 1 0 0 0 14 238 1 0 225 
d 221 254 0 0 1 255 0 1 240 0 0 0 0 0 0 0 
d 223 0 0 0 0 0 254 15 16 0 1 0 0 0 0 0 
d 217 251 16 0 15 0 2 16 0 0 1 0 0 0 0 240 
d 238 254 0 0 0 255 255 0 0 0 0 0 0 0 0 0 
d 159 43 224 48 225 1 1 18 14 240 14 2 242 15 0 77 
d 92 252 224 0 15 5 253 0 16 255 1 240 255 17 49 237 
d 91 0 16 0 0 255 1 33 19 240 1 254 224 238 17 229 
d 93 1 0 0 0 6 253 0 240 0 2 15 255 14 31 207 
d 92 254 0 0 241 7 0 0 0 255 255 2 224 2 33 62 
d 86 1 0 0 0 3 5 254 0 16 0 241 15 17 17 30 
d 86 2 224 0 255 252 255 241 240 254 1 243 16 15 241 238 
d 79 0 224 16 0 253 0 33 240 1 254 224 47 46 255 31 
d 69 1 0 16 240 254 255 1 0 0 0 14 17 1 0 15 
