p 800 1 1 1 1 0 1 1 0 43 9 13 7
p 800 1 1 1 1 0 1 1 0 43 10 13 7
p 800 1 1 1 1 0 1 1 0 43 11 13 7
p 800 1 1 1 1 0 1 1 0 43 12 13 7
p 800 1 1 0 1 0 1 1 0 43 13 13 7
p 800 1 1 0 1 0 1 1 0 43 14 13 7
p 800 1 1 0 1 0 1 1 0 43 15 13 7
p 800 1 1 0 1 0 1 1 0 43 16 13 7
p 800 1 1 0 1 0 1 1 0 43 17 13 7
p 800 1 1 0 1 0 1 1 0 43 18 13 7
p 800 1 1 0 1 0 1 1 0 43 19 13 7
p 800 1 1 0 1 0 1 1 0 43 20 13 7
p 800 1 1 1 1 1 1 1 0 44 0 14 6
p 800 1 1 1 1 1 1 1 0 44 1 14 6
p 800 1 1 1 1 1 1 1 0 44 2 14 6
p 800 1 1 1 1 1 1 1 0 44 3 14 6
p 800 1 1 1 1 1 1 1 0 44 4 14 6
p 800 1 1 1 1 1 1 1 0 44 5 14 6
p 800 1 1 1 1 0 1 1 0 44 6 14 6
p 800 1 1 1 1 0 1 1 0 44 7 14 6
p 800 1 1 1 1 0 1 1 0 44 8 14 6
p 800 1 1 1 1 0 1 1 0 44 9 14 6
p 800 1 1 1 1 0 1 1 0 44 10 14 6
p 800 1 1 1 1 0 1 1 0 44 11 14 6
p 800 1 1 1 1 0 1 1 0 44 12 14 6
p 800 1 1 1 1 0 1 1 0 44 13 14 6
p 800 1 1 0 1 0 1 1 0 44 14 14 6
p 800 1 1 0 1 0 1 1 0 44 15 14 6
p 800 1 1 0 1 0 1 1 0 44 16 14 6
p 800 1 1 0 1 0 1 1 0 44 17 14 6
p 800 1 1 0 1 0 1 1 0 44 18 14 6
p 800 1 1 0 1 0 1 1 0 44 19 14 6
