p 0 1 1 1 0 1 0 1 0 0 0 10 10
p 0 1 1 1 0 1 0 1 0 0 1 10 10
p 0 1 1 1 0 1 0 1 0 0 2 10 10
p 0 1 1 1 0 1 0 1 0 0 3 10 10
p 0 1 1 1 0 1 0 1 0 0 4 10 10
p 0 1 1 1 0 1 0 1 0 0 5 10 10
p 0 1 1 1 0 1 0 1 0 0 6 10 10
p 0 1 1 1 0 1 0 1 0 0 7 10 10
p 0 1 1 1 0 1 0 1 0 0 8 10 10
p 0 1 1 1 0 1 0 1 0 0 9 10 10
p 10 1 1 0 0 0 0 1 0 0 10 10 10
p 20 1 1 0 0 0 0 1 0 0 11 10 10
p 30 1 1 0 0 0 0 1 0 0 12 10 10
p 40 1 1 0 0 0 0 1 0 0 13 10 10
p 50 1 1 0 0 0 0 1 0 0 14 10 10
p 60 1 1 0 0 0 0 1 0 0 15 10 10
p 70 1 1 0 0 0 0 1 0 0 16 10 10
p 80 1 1 0 0 0 0 1 0 0 17 10 10
p 90 1 1 0 0 0 0 1 0 0 18 10 10
p 100 1 1 0 0 0 0 1 0 0 19 10 10
p 100 1 1 0 0 0 0 1 0 0 20 10 10
p 100 1 1 1 0 1 0 1 0 1 0 11 9
p 100 1 1 1 0 1 0 1 0 1 1 11 9
p 100 1 1 1 0 1 0 1 0 1 2 11 9
p 100 1 1 1 0 1 0 1 0 1 3 11 9
p 100 1 1 1 0 1 0 1 0 1 4 11 9
p 100 1 1 1 0 1 0 1 0 1 5 11 9
p 100 1 1 1 0 1 0 1 0 1 6 11 9
p 100 1 1 1 0 1 0 1 0 1 7 11 9
p 100 1 1 1 0 1 0 1 0 1 8 11 9
p 100 1 1 1 0 0 0 1 0 1 9 11 9
p 100 1 1 1 0 0 0 1 0 1 10 11 9
p 100 1 1 0 0 0 0 1 0 1 11 11 9
p 100 1 1 0 0 0 0 1 0 1 12 11 9
p 100 1 1 0 0 0 0 1 0 1 13 11 9
p 100 1 1 0 0 0 0 1 0 1 14 11 9
p 100 1 1 0 0 0 0 1 0 1 15 11 9
p 100 1 1 0 0 0 0 1 0 1 16 11 9
p 100 1 1 0 0 0 0 1 0 1 17 11 9
p 100 1 1 0 0 0 0 1 0 1 18 11 9
p 100 1 1 0 0 0 0 1 0 1 19 11 9
p 100 1 1 0 0 0 0 1 0 1 20 11 9
p 100 1 1 1 0 1 0 1 0 2 0 12 8
p 100 1 1 1 0 1 0 1 0 2 1 12 8
p 100 1 1 1 0 1 0 1 0 2 2 12 8
p 100 1 1 1 0 1 0 1 0 2 3 12 8
p 100 1 1 1 0 1 0 1 0 2 4 12 8
p 100 1 1 1 0 1 0 1 0 2 5 12 8
p 100 1 1 1 0 1 0 1 0 2 6 12 8
p 100 1 1 1 0 1 0 1 0 2 7 12 8
p 100 1 1 1 0 0 0 1 0 2 8 12 8
p 100 1 1 1 0 0 0 1 0 2 9 12 8
p 100 1 1 1 0 0 0 1 0 2 10 12 8
p 100 1 1 1 0 0 0 1 0 2 11 12 8
p 100 1 1 0 0 0 0 1 0 2 12 12 8
p 100 1 1 0 0 0 0 1 0 2 13 12 8
p 100 1 1 0 0 0 0 1 0 2 14 12 8
p 100 1 1 0 0 0 0 1 0 2 15 12 8
p 100 1 1 0 0 0 0 1 0 2 16 12 8
p 100 1 1 0 0 0 0 1 0 2 17 12 8
p 100 1 1 0 0 0 0 1 0 2 18 12 8
p 100 1 1 0 0 0 0 1 0 2 19 12 8
p 100 1 1 0 0 0 0 1 0 2 20 12 8
p 100 1 1 1 0 1 0 1 0 3 0 13 7
p 100 1 1 1 0 1 0 1 0 3 1 13 7
p 100 1 1 1 0 1 0 1 0 3 2 13 7
p 100 1 1 1 0 1 0 1 0 3 3 13 7
p 100 1 1 1 0 1 0 1 0 3 4 13 7
p 100 1 1 1 0 1 0 1 0 3 5 13 7
p 100 1 1 1 0 1 0 1 0 3 6 13 7
p 100 1 1 1 0 0 0 1 0 3 7 13 7
p 100 1 1 1 0 0 0 1 0 3 8 13 7
p 100 1 1 1 0 0 0 1 0 3 9 13 7
p 100 1 1 1 0 0 0 1 0 3 10 13 7
p 100 1 1 1 0 0 0 1 0 3 11 13 7
p 100 1 1 1 0 0 0 1 0 3 12 13 7
p 100 1 1 0 0 0 0 1 0 3 13 13 7
p 100 1 1 0 0 0 0 1 0 3 14 13 7
p 100 1 1 0 0 0 0 1 0 3 15 13 7
p 100 1 1 0 0 0 0 1 0 3 16 13 7
p 100 1 1 0 0 0 0 1 0 3 17 13 7
p 100 1 1 0 0 0 0 1 0 3 18 13 7
p 100 1 1 0 0 0 0 1 0 3 19 13 7
p 100 1 1 0 0 0 0 1 0 3 20 13 7
p 100 1 1 1 0 1 0 1 0 4 0 14 6
p 100 1 1 1 0 1 0 1 0 4 1 14 6
p 100 1 1 1 0 1 0 1 0 4 2 14 6
p 100 1 1 1 0 1 0 1 0 4 3 14 6
p 100 1 1 1 0 1 0 1 0 4 4 14 6
p 100 1 1 1 0 1 0 1 0 4 5 14 6
p 100 1 1 1 0 0 0 1 0 4 6 14 6
p 100 1 1 1 0 0 0 1 0 4 7 14 6
p 100 1 1 1 0 0 0 1 0 4 8 14 6
p 100 1 1 1 0 0 0 1 0 4 9 14 6
p 100 1 1 1 0 0 0 1 0 4 10 14 6
p 100 1 1 1 0 0 0 1 0 4 11 14 6
p 100 1 1 1 0 0 0 1 0 4 12 14 6
p 100 1 1 1 0 0 0 1 0 4 13 14 6
p 100 1 1 0 0 0 0 1 0 4 14 14 6
p 100 1 1 0 0 0 0 1 0 4 15 14 6
p 100 1 1 0 0 0 0 1 0 4 16 14 6
p 100 1 1 0 0 0 0 1 0 4 17 14 6
p 100 1 1 0 0 0 0 1 0 4 18 14 6
p 100 1 1 0 0 0 0 1 0 4 19 14 6
p 100 1 1 0 0 0 0 1 0 4 20 14 6
p 100 1 1 1 0 1 0 1 0 5 0 15 5
p 100 1 1 1 0 1 0 1 0 5 1 15 5
p 100 1 1 1 0 1 0 1 0 5 2 15 5
p 100 1 1 1 0 1 0 1 0 5 3 15 5
p 100 1 1 1 0 1 0 1 0 5 4 15 5
p 100 1 1 1 0 0 0 1 0 5 5 15 5
p 100 1 1 1 0 0 0 1 0 5 6 15 5
p 100 1 1 1 0 0 0 1 0 5 7 15 5
p 100 1 1 1 0 0 0 1 0 5 8 15 5
p 100 1 1 1 0 0 0 1 0 5 9 15 5
p 100 1 1 1 0 0 0 1 0 5 10 15 5
p 100 1 1 1 0 0 0 1 0 5 11 15 5
p 100 1 1 1 0 0 0 1 0 5 12 15 5
p 100 1 1 1 0 0 0 1 0 5 13 15 5
p 100 1 1 1 0 0 0 1 0 5 14 15 5
p 100 1 1 0 0 0 0 1 0 5 15 15 5
p 100 1 1 0 0 0 0 1 0 5 16 15 5
p 100 1 1 0 0 0 0 1 0 5 17 15 5
p 100 1 1 0 0 0 0 1 0 5 18 15 5
p 100 1 1 0 0 0 0 1 0 5 19 15 5
p 100 1 1 0 0 0 0 1 0 5 20 15 5
p 100 1 1 1 0 1 0 1 0 6 0 16 4
p 100 1 1 1 0 1 0 1 0 6 1 16 4
p 100 1 1 1 0 1 0 1 0 6 2 16 4
p 100 1 1 1 0 1 0 1 0 6 3 16 4
p 100 1 1 1 0 0 0 1 0 6 4 16 4
p 100 1 1 1 0 0 0 1 0 6 5 16 4
p 100 1 1 1 0 0 0 1 0 6 6 16 4
p 100 1 1 1 0 0 0 1 0 6 7 16 4
p 100 1 1 1 0 0 0 1 0 6 8 16 4
p 100 1 1 1 0 0 0 1 0 6 9 16 4
p 100 1 1 1 0 0 0 1 0 6 10 16 4
p 100 1 1 1 0 0 0 1 0 6 11 16 4
p 100 1 1 1 0 0 0 1 0 6 12 16 4
p 100 1 1 1 0 0 0 1 0 6 13 16 4
p 200 1 1 1 0 0 0 1 0 6 14 16 4
p 200 1 1 1 0 0 0 1 0 6 15 16 4
p 200 1 1 0 0 0 0 1 0 6 16 16 4
p 200 1 1 0 0 0 0 1 0 6 17 16 4
p 200 1 1 0 0 0 0 1 0 6 18 16 4
p 200 1 1 0 0 0 0 1 0 6 19 16 4
p 200 1 1 0 0 0 0 1 0 6 20 16 4
p 200 1 1 1 0 1 0 1 0 7 0 17 3
p 200 1 1 1 0 1 0 1 0 7 1 17 3
p 200 1 1 1 0 1 0 1 0 7 2 17 3
p 200 1 1 1 0 0 0 1 0 7 3 17 3
p 200 1 1 1 0 0 0 1 0 7 4 17 3
p 200 1 1 1 0 0 0 1 0 7 5 17 3
p 200 1 1 1 0 0 0 1 0 7 6 17 3
p 200 1 1 1 0 0 0 1 0 7 7 17 3
p 200 1 1 1 0 0 0 1 0 7 8 17 3
p 200 1 1 1 0 0 0 1 0 7 9 17 3
p 200 1 1 1 0 0 0 1 0 7 10 17 3
p 200 1 1 1 0 0 0 1 0 7 11 17 3
p 200 1 1 1 0 0 0 1 0 7 12 17 3
p 200 1 1 1 0 0 0 1 0 7 13 17 3
p 200 1 1 1 0 0 0 1 0 7 14 17 3
p 200 1 1 1 0 0 0 1 0 7 15 17 3
p 200 1 1 1 0 0 0 1 0 7 16 17 3
p 200 1 1 0 0 0 0 1 0 7 17 17 3
p 200 1 1 0 0 0 0 1 0 7 18 17 3
p 200 1 1 0 0 0 0 1 0 7 19 17 3
p 200 1 1 0 0 0 0 1 0 7 20 17 3
p 200 1 1 1 0 1 0 1 0 8 0 18 2
p 200 1 1 1 0 1 0 1 0 8 1 18 2
p 200 1 1 1 0 0 0 1 0 8 2 18 2
p 200 1 1 1 0 0 0 1 0 8 3 18 2
p 200 1 1 1 0 0 0 1 0 8 4 18 2
p 200 1 1 1 0 0 0 1 0 8 5 18 2
p 200 1 1 1 0 0 0 1 0 8 6 18 2
p 200 1 1 1 0 0 0 1 0 8 7 18 2
p 200 1 1 1 0 0 0 1 0 8 8 18 2
p 200 1 1 1 0 0 0 1 0 8 9 18 2
p 200 1 1 1 0 0 0 1 0 8 10 18 2
p 200 1 1 1 0 0 0 1 0 8 11 18 2
p 200 1 1 1 0 0 0 1 0 8 12 18 2
p 200 1 1 1 0 0 0 1 0 8 13 18 2
p 200 1 1 1 0 0 0 1 0 8 14 18 2
p 200 1 1 1 0 0 0 1 0 8 15 18 2
p 200 1 1 1 0 0 0 1 0 8 16 18 2
p 200 1 1 1 0 0 0 1 0 8 17 18 2
p 200 1 1 0 0 0 0 1 0 8 18 18 2
p 200 1 1 0 0 0 0 1 0 8 19 18 2
p 200 1 1 0 0 0 0 1 0 8 20 18 2
p 200 1 1 1 0 1 0 1 0 9 0 19 1
p 200 1 1 1 0 0 0 1 0 9 1 19 1
p 200 1 1 1 0 0 0 1 0 9 2 19 1
p 200 1 1 1 0 0 0 1 0 9 3 19 1
p 200 1 1 1 0 0 0 1 0 9 4 19 1
p 200 1 1 1 0 0 0 1 0 9 5 19 1
p 200 1 1 1 0 0 0 1 0 9 6 19 1
p 200 1 1 1 0 0 0 1 0 9 7 19 1
p 200 1 1 1 0 0 0 1 0 9 8 19 1
p 200 1 1 1 0 0 0 1 0 9 9 19 1
p 200 1 1 1 0 0 0 1 0 9 10 19 1
p 200 1 1 1 0 0 0 1 0 9 11 19 1
p 200 1 1 1 0 0 0 1 0 9 12 19 1
p 200 1 1 1 0 0 0 1 0 9 13 19 1
p 200 1 1 1 0 0 0 1 0 9 14 19 1
p 200 1 1 1 0 0 0 1 0 9 15 19 1
p 200 1 1 1 0 0 0 1 0 9 16 19 1
p 200 1 1 1 0 0 0 1 0 9 17 19 1
p 200 1 1 1 0 0 0 1 0 9 18 19 1
p 200 1 1 0 0 0 0 1 0 9 19 19 1
p 200 1 1 0 0 0 0 1 0 9 20 19 1
p 200 1 1 1 0 0 1 1 0 10 0 20 0
p 200 1 1 1 0 0 1 1 0 10 1 20 0
p 200 1 1 1 0 0 1 1 0 10 2 20 0
p 200 1 1 1 0 0 1 1 0 10 3 20 0
p 200 1 1 1 0 0 1 1 0 10 4 20 0
p 200 1 1 1 0 0 1 1 0 10 5 20 0
p 200 1 1 1 0 0 1 1 0 10 6 20 0
p 200 1 1 1 0 0 1 1 0 10 7 20 0
p 200 1 1 1 0 0 1 1 0 10 8 20 0
p 200 1 1 1 0 0 1 1 0 10 9 20 0
p 200 1 1 1 0 0 1 1 0 10 10 20 0
p 200 1 1 1 0 0 1 1 0 10 11 20 0
p 200 1 1 1 0 0 1 1 0 10 12 20 0
p 200 1 1 1 0 0 1 1 0 10 13 20 0
p 200 1 1 1 0 0 1 1 0 10 14 20 0
p 200 1 1 1 0 0 1 1 0 10 15 20 0
p 200 1 1 1 0 0 1 1 0 10 16 20 0
p 200 1 1 1 0 0 1 1 0 10 17 20 0
p 200 1 1 1 0 0 1 1 0 10 18 20 0
p 200 1 1 1 0 0 1 1 0 10 19 20 0
p 200 1 1 1 0 0 1 1 0 10 20 20 0
p 200 1 1 1 0 1 1 0 1 11 0 19 1
p 200 1 1 1 0 0 1 0 1 11 1 19 1
p 200 1 1 1 0 0 1 0 1 11 2 19 1
p 200 1 1 1 0 0 1 0 1 11 3 19 1
p 200 1 1 1 0 0 1 0 1 11 4 19 1
p 200 1 1 1 0 0 1 0 1 11 5 19 1
p 200 1 1 1 0 0 1 0 1 11 6 19 1
p 200 1 1 1 0 0 1 0 1 11 7 19 1
p 200 1 1 1 0 0 1 0 1 11 8 19 1
p 200 1 1 1 0 0 1 0 1 11 9 19 1
p 200 1 1 1 0 0 1 0 1 11 10 19 1
p 200 1 1 1 0 0 1 0 1 11 11 19 1
p 200 1 1 1 0 0 1 0 1 11 12 19 1
p 200 1 1 1 0 0 1 0 1 11 13 19 1
p 200 1 1 1 0 0 1 0 1 11 14 19 1
p 200 1 1 1 0 0 1 0 1 11 15 19 1
p 200 1 1 1 0 0 1 0 1 11 16 19 1
p 200 1 1 1 0 0 1 0 1 11 17 19 1
p 200 1 1 1 0 0 1 0 1 11 18 19 1
p 200 1 1 0 0 0 1 0 1 11 19 19 1
p 200 1 1 0 0 0 1 0 1 11 20 19 1
p 200 1 1 1 0 1 1 0 1 12 0 18 2
p 200 1 1 1 0 1 1 0 1 12 1 18 2
p 200 1 1 1 0 0 1 0 1 12 2 18 2
p 200 1 1 1 0 0 1 0 1 12 3 18 2
p 200 1 1 1 0 0 1 0 1 12 4 18 2
p 200 1 1 1 0 0 1 0 1 12 5 18 2
p 200 1 1 1 0 0 1 0 1 12 6 18 2
p 200 1 1 1 0 0 1 0 1 12 7 18 2
p 300 1 1 1 0 0 1 0 1 12 8 18 2
p 300 1 1 1 0 0 1 0 1 12 9 18 2
p 300 1 1 1 0 0 1 0 1 12 10 18 2
p 300 1 1 1 0 0 1 0 1 12 11 18 2
p 300 1 1 1 0 0 1 0 1 12 12 18 2
p 300 1 1 1 0 0 1 0 1 12 13 18 2
p 300 1 1 1 0 0 1 0 1 12 14 18 2
p 300 1 1 1 0 0 1 0 1 12 15 18 2
p 300 1 1 1 0 0 1 0 1 12 16 18 2
p 300 1 1 1 0 0 1 0 1 12 17 18 2
p 300 1 1 0 0 0 1 0 1 12 18 18 2
p 300 1 1 0 0 0 1 0 1 12 19 18 2
p 300 1 1 0 0 0 1 0 1 12 20 18 2
p 300 1 1 1 0 1 1 0 1 13 0 17 3
p 300 1 1 1 0 1 1 0 1 13 1 17 3
p 300 1 1 1 0 1 1 0 1 13 2 17 3
p 300 1 1 1 0 0 1 0 1 13 3 17 3
p 300 1 1 1 0 0 1 0 1 13 4 17 3
p 300 1 1 1 0 0 1 0 1 13 5 17 3
p 300 1 1 1 0 0 1 0 1 13 6 17 3
p 300 1 1 1 0 0 1 0 1 13 7 17 3
p 300 1 1 1 0 0 1 0 1 13 8 17 3
p 300 1 1 1 0 0 1 0 1 13 9 17 3
p 300 1 1 1 0 0 1 0 1 13 10 17 3
p 300 1 1 1 0 0 1 0 1 13 11 17 3
p 300 1 1 1 0 0 1 0 1 13 12 17 3
p 300 1 1 1 0 0 1 0 1 13 13 17 3
p 300 1 1 1 0 0 1 0 1 13 14 17 3
p 300 1 1 1 0 0 1 0 1 13 15 17 3
p 300 1 1 1 0 0 1 0 1 13 16 17 3
p 300 1 1 0 0 0 1 0 1 13 17 17 3
p 300 1 1 0 0 0 1 0 1 13 18 17 3
p 300 1 1 0 0 0 1 0 1 13 19 17 3
p 300 1 1 0 0 0 1 0 1 13 20 17 3
p 300 1 1 1 0 1 1 0 1 14 0 16 4
p 300 1 1 1 0 1 1 0 1 14 1 16 4
p 300 1 1 1 0 1 1 0 1 14 2 16 4
p 300 1 1 1 0 1 1 0 1 14 3 16 4
p 300 1 1 1 0 0 1 0 1 14 4 16 4
p 300 1 1 1 0 0 1 0 1 14 5 16 4
p 300 1 1 1 0 0 1 0 1 14 6 16 4
p 300 1 1 1 0 0 1 0 1 14 7 16 4
p 300 1 1 1 0 0 1 0 1 14 8 16 4
p 300 1 1 1 0 0 1 0 1 14 9 16 4
p 300 1 1 1 0 0 1 0 1 14 10 16 4
p 300 1 1 1 0 0 1 0 1 14 11 16 4
p 300 1 1 1 0 0 1 0 1 14 12 16 4
p 300 1 1 1 0 0 1 0 1 14 13 16 4
p 300 1 1 1 0 0 1 0 1 14 14 16 4
p 300 1 1 1 0 0 1 0 1 14 15 16 4
p 300 1 1 0 0 0 1 0 1 14 16 16 4
p 300 1 1 0 0 0 1 0 1 14 17 16 4
p 300 1 1 0 0 0 1 0 1 14 18 16 4
p 300 1 1 0 0 0 1 0 1 14 19 16 4
p 300 1 1 0 0 0 1 0 1 14 20 16 4
p 300 1 1 1 0 1 1 0 1 15 0 15 5
p 300 1 1 1 0 1 1 0 1 15 1 15 5
p 300 1 1 1 0 1 1 0 1 15 2 15 5
p 300 1 1 1 0 1 1 0 1 15 3 15 5
p 300 1 1 1 0 1 1 0 1 15 4 15 5
p 300 1 1 1 0 0 1 0 1 15 5 15 5
p 300 1 1 1 0 0 1 0 1 15 6 15 5
p 300 1 1 1 0 0 1 0 1 15 7 15 5
p 300 1 1 1 0 0 1 0 1 15 8 15 5
p 300 1 1 1 0 0 1 0 1 15 9 15 5
p 300 1 1 1 0 0 1 0 1 15 10 15 5
p 300 1 1 1 0 0 1 0 1 15 11 15 5
p 300 1 1 1 0 0 1 0 1 15 12 15 5
p 300 1 1 1 0 0 1 0 1 15 13 15 5
p 300 1 1 1 0 0 1 0 1 15 14 15 5
p 300 1 1 0 0 0 1 0 1 15 15 15 5
p 300 1 1 0 0 0 1 0 1 15 16 15 5
p 300 1 1 0 0 0 1 0 1 15 17 15 5
p 300 1 1 0 0 0 1 0 1 15 18 15 5
p 300 1 1 0 0 0 1 0 1 15 19 15 5
p 300 1 1 0 0 0 1 0 1 15 20 15 5
p 300 1 1 1 0 1 1 0 1 16 0 14 6
p 300 1 1 1 0 1 1 0 1 16 1 14 6
p 300 1 1 1 0 1 1 0 1 16 2 14 6
p 300 1 1 1 0 1 1 0 1 16 3 14 6
p 300 1 1 1 0 1 1 0 1 16 4 14 6
p 300 1 1 1 0 1 1 0 1 16 5 14 6
p 300 1 1 1 0 0 1 0 1 16 6 14 6
p 300 1 1 1 0 0 1 0 1 16 7 14 6
p 300 1 1 1 0 0 1 0 1 16 8 14 6
p 300 1 1 1 0 0 1 0 1 16 9 14 6
p 300 1 1 1 0 0 1 0 1 16 10 14 6
p 300 1 1 1 0 0 1 0 1 16 11 14 6
p 300 1 1 1 0 0 1 0 1 16 12 14 6
p 300 1 1 1 0 0 1 0 1 16 13 14 6
p 300 1 1 0 0 0 1 0 1 16 14 14 6
p 300 1 1 0 0 0 1 0 1 16 15 14 6
p 300 1 1 0 0 0 1 0 1 16 16 14 6
p 300 1 1 0 0 0 1 0 1 16 17 14 6
p 300 1 1 0 0 0 1 0 1 16 18 14 6
p 300 1 1 0 0 0 1 0 1 16 19 14 6
p 300 1 1 0 0 0 1 0 1 16 20 14 6
p 300 1 1 1 0 1 1 0 1 17 0 13 7
p 300 1 1 1 0 1 1 0 1 17 1 13 7
p 300 1 1 1 0 1 1 0 1 17 2 13 7
p 300 1 1 1 0 1 1 0 1 17 3 13 7
p 300 1 1 1 0 1 1 0 1 17 4 13 7
p 300 1 1 1 0 1 1 0 1 17 5 13 7
p 300 1 1 1 0 1 1 0 1 17 6 13 7
p 300 1 1 1 0 0 1 0 1 17 7 13 7
p 300 1 1 1 0 0 1 0 1 17 8 13 7
p 300 1 1 1 0 0 1 0 1 17 9 13 7
p 300 1 1 1 0 0 1 0 1 17 10 13 7
p 300 1 1 1 0 0 1 0 1 17 11 13 7
p 300 1 1 1 0 0 1 0 1 17 12 13 7
p 300 1 1 0 0 0 1 0 1 17 13 13 7
p 300 1 1 0 0 0 1 0 1 17 14 13 7
p 300 1 1 0 0 0 1 0 1 17 15 13 7
p 300 1 1 0 0 0 1 0 1 17 16 13 7
p 300 1 1 0 0 0 1 0 1 17 17 13 7
p 300 1 1 0 0 0 1 0 1 17 18 13 7
p 300 1 1 0 0 0 1 0 1 17 19 13 7
p 300 1 1 0 0 0 1 0 1 17 20 13 7
p 300 1 1 1 0 1 1 0 1 18 0 12 8
p 300 1 1 1 0 1 1 0 1 18 1 12 8
p 400 1 1 1 0 1 1 0 1 18 2 12 8
p 400 1 1 1 0 1 1 0 1 18 3 12 8
p 400 1 1 1 0 1 1 0 1 18 4 12 8
p 400 1 1 1 0 1 1 0 1 18 5 12 8
p 400 1 1 1 0 1 1 0 1 18 6 12 8
p 400 1 1 1 0 1 1 0 1 18 7 12 8
p 400 1 1 1 0 0 1 0 1 18 8 12 8
p 400 1 1 1 0 0 1 0 1 18 9 12 8
p 400 1 1 1 0 0 1 0 1 18 10 12 8
p 400 1 1 1 0 0 1 0 1 18 11 12 8
p 400 1 1 0 0 0 1 0 1 18 12 12 8
p 400 1 1 0 0 0 1 0 1 18 13 12 8
p 400 1 1 0 0 0 1 0 1 18 14 12 8
p 400 1 1 0 0 0 1 0 1 18 15 12 8
p 400 1 1 0 0 0 1 0 1 18 16 12 8
p 400 1 1 0 0 0 1 0 1 18 17 12 8
p 400 1 1 0 0 0 1 0 1 18 18 12 8
p 400 1 1 0 0 0 1 0 1 18 19 12 8
p 400 1 1 0 0 0 1 0 1 18 20 12 8
p 400 1 1 1 0 1 1 0 1 19 0 11 9
p 400 1 1 1 0 1 1 0 1 19 1 11 9
p 400 1 1 1 0 1 1 0 1 19 2 11 9
p 400 1 1 1 0 1 1 0 1 19 3 11 9
p 400 1 1 1 0 1 1 0 1 19 4 11 9
p 400 1 1 1 0 1 1 0 1 19 5 11 9
p 400 1 1 1 0 1 1 0 1 19 6 11 9
p 400 1 1 1 0 1 1 0 1 19 7 11 9
p 400 1 1 1 0 1 1 0 1 19 8 11 9
p 400 1 1 1 0 0 1 0 1 19 9 11 9
p 400 1 1 1 0 0 1 0 1 19 10 11 9
p 400 1 1 0 0 0 1 0 1 19 11 11 9
p 400 1 1 0 0 0 1 0 1 19 12 11 9
p 400 1 1 0 0 0 1 0 1 19 13 11 9
p 400 1 1 0 0 0 1 0 1 19 14 11 9
p 400 1 1 0 0 0 1 0 1 19 15 11 9
p 400 1 1 0 0 0 1 0 1 19 16 11 9
p 400 1 1 0 0 0 1 0 1 19 17 11 9
p 400 1 1 0 0 0 1 0 1 19 18 11 9
p 400 1 1 0 0 0 1 0 1 19 19 11 9
p 400 1 1 0 0 0 1 0 1 19 20 11 9
p 400 1 1 1 0 1 1 0 1 20 0 10 10
p 400 1 1 1 0 1 1 0 1 20 1 10 10
p 400 1 1 1 0 1 1 0 1 20 2 10 10
p 400 1 1 1 0 1 1 0 1 20 3 10 10
p 400 1 1 1 0 1 1 0 1 20 4 10 10
p 400 1 1 1 0 1 1 0 1 20 5 10 10
p 400 1 1 1 0 1 1 0 1 20 6 10 10
p 400 1 1 1 0 1 1 0 1 20 7 10 10
p 400 1 1 1 0 1 1 0 1 20 8 10 10
p 400 1 1 1 0 1 1 0 1 20 9 10 10
p 400 1 1 0 0 0 1 0 1 20 10 10 10
p 400 1 1 0 0 0 1 0 1 20 11 10 10
p 400 1 1 0 0 0 1 0 1 20 12 10 10
p 400 1 1 0 0 0 1 0 1 20 13 10 10
p 400 1 1 0 0 0 1 0 1 20 14 10 10
p 400 1 1 0 0 0 1 0 1 20 15 10 10
p 400 1 1 0 0 0 1 0 1 20 16 10 10
p 400 1 1 0 0 0 1 0 1 20 17 10 10
p 400 1 1 0 0 0 1 0 1 20 18 10 10
p 400 1 1 0 0 0 1 0 1 20 19 10 10
p 400 1 1 0 0 0 1 0 1 20 20 10 10
p 400 1 1 1 0 1 1 0 1 21 0 9 11
p 400 1 1 1 0 1 1 0 1 21 1 9 11
p 400 1 1 1 0 1 1 0 1 21 2 9 11
p 400 1 1 1 0 1 1 0 1 21 3 9 11
p 400 1 1 1 0 1 1 0 1 21 4 9 11
p 400 1 1 1 0 1 1 0 1 21 5 9 11
p 400 1 1 1 0 1 1 0 1 21 6 9 11
p 400 1 1 1 0 1 1 0 1 21 7 9 11
p 400 1 1 1 0 1 1 0 1 21 8 9 11
p 400 1 1 0 0 1 1 0 1 21 9 9 11
p 400 1 1 0 0 1 1 0 1 21 10 9 11
p 400 1 1 0 0 0 1 0 1 21 11 9 11
p 400 1 1 0 0 0 1 0 1 21 12 9 11
p 400 1 1 0 0 0 1 0 1 21 13 9 11
p 400 1 1 0 0 0 1 0 1 21 14 9 11
p 400 1 1 0 0 0 1 0 1 21 15 9 11
p 400 1 1 0 0 0 1 0 1 21 16 9 11
p 400 1 1 0 0 0 1 0 1 21 17 9 11
p 400 1 1 0 0 0 1 0 1 21 18 9 11
p 400 1 1 0 0 0 1 0 1 21 19 9 11
p 400 1 1 0 0 0 1 0 1 21 20 9 11
p 400 1 1 1 0 1 1 0 1 22 0 8 12
p 400 1 1 1 0 1 1 0 1 22 1 8 12
p 400 1 1 1 0 1 1 0 1 22 2 8 12
p 400 1 1 1 0 1 1 0 1 22 3 8 12
p 400 1 1 1 0 1 1 0 1 22 4 8 12
p 400 1 1 1 0 1 1 0 1 22 5 8 12
p 400 1 1 1 0 1 1 0 1 22 6 8 12
p 400 1 1 1 0 1 1 0 1 22 7 8 12
p 400 1 1 0 0 1 1 0 1 22 8 8 12
p 400 1 1 0 0 1 1 0 1 22 9 8 12
p 400 1 1 0 0 1 1 0 1 22 10 8 12
p 400 1 1 0 0 1 1 0 1 22 11 8 12
p 400 1 1 0 0 0 1 0 1 22 12 8 12
p 400 1 1 0 0 0 1 0 1 22 13 8 12
p 400 1 1 0 0 0 1 0 1 22 14 8 12
p 400 1 1 0 0 0 1 0 1 22 15 8 12
p 400 1 1 0 0 0 1 0 1 22 16 8 12
p 400 1 1 0 0 0 1 0 1 22 17 8 12
p 400 1 1 0 0 0 1 0 1 22 18 8 12
p 400 1 1 0 0 0 1 0 1 22 19 8 12
p 400 1 1 0 0 0 1 0 1 22 20 8 12
p 400 1 1 1 0 1 1 0 1 23 0 7 13
p 400 1 1 1 0 1 1 0 1 23 1 7 13
p 400 1 1 1 0 1 1 0 1 23 2 7 13
p 400 1 1 1 0 1 1 0 1 23 3 7 13
p 400 1 1 1 0 1 1 0 1 23 4 7 13
p 400 1 1 1 0 1 1 0 1 23 5 7 13
p 400 1 1 1 0 1 1 0 1 23 6 7 13
p 400 1 1 0 0 1 1 0 1 23 7 7 13
p 400 1 1 0 0 1 1 0 1 23 8 7 13
p 400 1 1 0 0 1 1 0 1 23 9 7 13
p 400 1 1 0 0 1 1 0 1 23 10 7 13
p 400 1 1 0 0 1 1 0 1 23 11 7 13
p 400 1 1 0 0 1 1 0 1 23 12 7 13
p 400 1 1 0 0 0 1 0 1 23 13 7 13
p 400 1 1 0 0 0 1 0 1 23 14 7 13
p 400 1 1 0 0 0 1 0 1 23 15 7 13
p 400 1 1 0 0 0 1 0 1 23 16 7 13
p 500 1 1 0 0 0 1 0 1 23 17 7 13
p 500 1 1 0 0 0 1 0 1 23 18 7 13
p 500 1 1 0 0 0 1 0 1 23 19 7 13
p 500 1 1 0 0 0 1 0 1 23 20 7 13
p 500 1 1 1 0 1 1 0 1 24 0 6 14
p 500 1 1 1 0 1 1 0 1 24 1 6 14
p 500 1 1 1 0 1 1 0 1 24 2 6 14
p 500 1 1 1 0 1 1 0 1 24 3 6 14
p 500 1 1 1 0 1 1 0 1 24 4 6 14
p 500 1 1 1 0 1 1 0 1 24 5 6 14
p 500 1 1 0 0 1 1 0 1 24 6 6 14
p 500 1 1 0 0 1 1 0 1 24 7 6 14
p 500 1 1 0 0 1 1 0 1 24 8 6 14
p 500 1 1 0 0 1 1 0 1 24 9 6 14
p 500 1 1 0 0 1 1 0 1 24 10 6 14
p 500 1 1 0 0 1 1 0 1 24 11 6 14
p 500 1 1 0 0 1 1 0 1 24 12 6 14
p 500 1 1 0 0 1 1 0 1 24 13 6 14
p 500 1 1 0 0 0 1 0 1 24 14 6 14
p 500 1 1 0 0 0 1 0 1 24 15 6 14
p 500 1 1 0 0 0 1 0 1 24 16 6 14
p 500 1 1 0 0 0 1 0 1 24 17 6 14
p 500 1 1 0 0 0 1 0 1 24 18 6 14
p 500 1 1 0 0 0 1 0 1 24 19 6 14
p 500 1 1 0 0 0 1 0 1 24 20 6 14
p 500 1 1 1 0 1 1 0 1 25 0 5 15
p 500 1 1 1 0 1 1 0 1 25 1 5 15
p 500 1 1 1 0 1 1 0 1 25 2 5 15
p 500 1 1 1 0 1 1 0 1 25 3 5 15
p 500 1 1 1 0 1 1 0 1 25 4 5 15
p 500 1 1 0 0 1 1 0 1 25 5 5 15
p 500 1 1 0 0 1 1 0 1 25 6 5 15
p 500 1 1 0 0 1 1 0 1 25 7 5 15
p 500 1 1 0 0 1 1 0 1 25 8 5 15
p 500 1 1 0 0 1 1 0 1 25 9 5 15
p 500 1 1 0 0 1 1 0 1 25 10 5 15
p 500 1 1 0 0 1 1 0 1 25 11 5 15
p 500 1 1 0 0 1 1 0 1 25 12 5 15
p 500 1 1 0 0 1 1 0 1 25 13 5 15
p 500 1 1 0 0 1 1 0 1 25 14 5 15
p 500 1 1 0 0 0 1 0 1 25 15 5 15
p 500 1 1 0 0 0 1 0 1 25 16 5 15
p 500 1 1 0 0 0 1 0 1 25 17 5 15
p 500 1 1 0 0 0 1 0 1 25 18 5 15
p 500 1 1 0 0 0 1 0 1 25 19 5 15
p 500 1 1 0 0 0 1 0 1 25 20 5 15
p 500 1 1 1 0 1 1 0 1 26 0 4 16
p 500 1 1 1 0 1 1 0 1 26 1 4 16
p 500 1 1 1 0 1 1 0 1 26 2 4 16
p 500 1 1 1 0 1 1 0 1 26 3 4 16
p 500 1 1 0 0 1 1 0 1 26 4 4 16
p 500 1 1 0 0 1 1 0 1 26 5 4 16
p 500 1 1 0 0 1 1 0 1 26 6 4 16
p 500 1 1 0 0 1 1 0 1 26 7 4 16
p 500 1 1 0 0 1 1 0 1 26 8 4 16
p 500 1 1 0 0 1 1 0 1 26 9 4 16
p 500 1 1 0 0 1 1 0 1 26 10 4 16
p 500 1 1 0 0 1 1 0 1 26 11 4 16
p 500 1 1 0 0 1 1 0 1 26 12 4 16
p 500 1 1 0 0 1 1 0 1 26 13 4 16
p 500 1 1 0 0 1 1 0 1 26 14 4 16
p 500 1 1 0 0 1 1 0 1 26 15 4 16
p 500 1 1 0 0 0 1 0 1 26 16 4 16
p 500 1 1 0 0 0 1 0 1 26 17 4 16
p 500 1 1 0 0 0 1 0 1 26 18 4 16
p 500 1 1 0 0 0 1 0 1 26 19 4 16
p 500 1 1 0 0 0 1 0 1 26 20 4 16
p 500 1 1 1 0 1 1 0 1 27 0 3 17
p 500 1 1 1 0 1 1 0 1 27 1 3 17
p 500 1 1 1 0 1 1 0 1 27 2 3 17
p 500 1 1 0 0 1 1 0 1 27 3 3 17
p 500 1 1 0 0 1 1 0 1 27 4 3 17
p 500 1 1 0 0 1 1 0 1 27 5 3 17
p 500 1 1 0 0 1 1 0 1 27 6 3 17
p 500 1 1 0 0 1 1 0 1 27 7 3 17
p 500 1 1 0 0 1 1 0 1 27 8 3 17
p 500 1 1 0 0 1 1 0 1 27 9 3 17
p 500 1 1 0 0 1 1 0 1 27 10 3 17
p 500 1 1 0 0 1 1 0 1 27 11 3 17
p 500 1 1 0 0 1 1 0 1 27 12 3 17
p 500 1 1 0 0 1 1 0 1 27 13 3 17
p 500 1 1 0 0 1 1 0 1 27 14 3 17
p 500 1 1 0 0 1 1 0 1 27 15 3 17
p 500 1 1 0 0 1 1 0 1 27 16 3 17
p 500 1 1 0 0 0 1 0 1 27 17 3 17
p 500 1 1 0 0 0 1 0 1 27 18 3 17
p 500 1 1 0 0 0 1 0 1 27 19 3 17
p 500 1 1 0 0 0 1 0 1 27 20 3 17
p 500 1 1 1 0 1 1 0 1 28 0 2 18
p 500 1 1 1 0 1 1 0 1 28 1 2 18
p 500 1 1 0 0 1 1 0 1 28 2 2 18
p 500 1 1 0 0 1 1 0 1 28 3 2 18
p 500 1 1 0 0 1 1 0 1 28 4 2 18
p 500 1 1 0 0 1 1 0 1 28 5 2 18
p 500 1 1 0 0 1 1 0 1 28 6 2 18
p 500 1 1 0 0 1 1 0 1 28 7 2 18
p 500 1 1 0 0 1 1 0 1 28 8 2 18
p 500 1 1 0 0 1 1 0 1 28 9 2 18
p 500 1 1 0 0 1 1 0 1 28 10 2 18
p 500 1 1 0 0 1 1 0 1 28 11 2 18
p 500 1 1 0 0 1 1 0 1 28 12 2 18
p 500 1 1 0 0 1 1 0 1 28 13 2 18
p 500 1 1 0 0 1 1 0 1 28 14 2 18
p 500 1 1 0 0 1 1 0 1 28 15 2 18
p 500 1 1 0 0 1 1 0 1 28 16 2 18
p 500 1 1 0 0 1 1 0 1 28 17 2 18
p 500 1 1 0 0 0 1 0 1 28 18 2 18
p 500 1 1 0 0 0 1 0 1 28 19 2 18
p 500 1 1 0 0 0 1 0 1 28 20 2 18
p 500 1 1 1 0 1 1 0 1 29 0 1 19
p 500 1 1 0 0 1 1 0 1 29 1 1 19
p 500 1 1 0 0 1 1 0 1 29 2 1 19
p 500 1 1 0 0 1 1 0 1 29 3 1 19
p 500 1 1 0 0 1 1 0 1 29 4 1 19
p 500 1 1 0 0 1 1 0 1 29 5 1 19
p 500 1 1 0 0 1 1 0 1 29 6 1 19
p 500 1 1 0 0 1 1 0 1 29 7 1 19
p 500 1 1 0 0 1 1 0 1 29 8 1 19
p 500 1 1 0 0 1 1 0 1 29 9 1 19
p 500 1 1 0 0 1 1 0 1 29 10 1 19
p 600 1 1 0 0 1 1 0 1 29 11 1 19
p 600 1 1 0 0 1 1 0 1 29 12 1 19
p 600 1 1 0 0 1 1 0 1 29 13 1 19
p 600 1 1 0 0 1 1 0 1 29 14 1 19
p 600 1 1 0 0 1 1 0 1 29 15 1 19
p 600 1 1 0 0 1 1 0 1 29 16 1 19
p 600 1 1 0 0 1 1 0 1 29 17 1 19
p 600 1 1 0 0 1 1 0 1 29 18 1 19
p 600 1 1 0 0 0 1 0 1 29 19 1 19
p 600 1 1 0 0 0 1 0 1 29 20 1 19
p 600 1 1 0 1 1 1 0 1 30 0 0 20
p 600 1 1 0 1 1 1 0 1 30 1 0 20
p 600 1 1 0 1 1 1 0 1 30 2 0 20
p 600 1 1 0 1 1 1 0 1 30 3 0 20
p 600 1 1 0 1 1 1 0 1 30 4 0 20
p 600 1 1 0 1 1 1 0 1 30 5 0 20
p 600 1 1 0 1 1 1 0 1 30 6 0 20
p 600 1 1 0 1 1 1 0 1 30 7 0 20
p 600 1 1 0 1 1 1 0 1 30 8 0 20
p 600 1 1 0 1 1 1 0 1 30 9 0 20
p 600 1 1 0 1 1 1 0 1 30 10 0 20
p 600 1 1 0 1 1 1 0 1 30 11 0 20
p 600 1 1 0 1 1 1 0 1 30 12 0 20
p 600 1 1 0 1 1 1 0 1 30 13 0 20
p 600 1 1 0 1 1 1 0 1 30 14 0 20
p 600 1 1 0 1 1 1 0 1 30 15 0 20
p 600 1 1 0 1 1 1 0 1 30 16 0 20
p 600 1 1 0 1 1 1 0 1 30 17 0 20
p 600 1 1 0 1 1 1 0 1 30 18 0 20
p 600 1 1 0 1 1 1 0 1 30 19 0 20
p 600 1 1 0 1 1 1 0 1 30 20 0 20
p 600 1 1 1 1 1 1 1 0 31 0 1 19
p 600 1 1 0 1 1 1 1 0 31 1 1 19
p 600 1 1 0 1 1 1 1 0 31 2 1 19
p 600 1 1 0 1 1 1 1 0 31 3 1 19
p 600 1 1 0 1 1 1 1 0 31 4 1 19
p 600 1 1 0 1 1 1 1 0 31 5 1 19
p 600 1 1 0 1 1 1 1 0 31 6 1 19
p 600 1 1 0 1 1 1 1 0 31 7 1 19
p 600 1 1 0 1 1 1 1 0 31 8 1 19
p 600 1 1 0 1 1 1 1 0 31 9 1 19
p 600 1 1 0 1 1 1 1 0 31 10 1 19
p 600 1 1 0 1 1 1 1 0 31 11 1 19
p 600 1 1 0 1 1 1 1 0 31 12 1 19
p 600 1 1 0 1 1 1 1 0 31 13 1 19
p 600 1 1 0 1 1 1 1 0 31 14 1 19
p 600 1 1 0 1 1 1 1 0 31 15 1 19
p 600 1 1 0 1 1 1 1 0 31 16 1 19
p 600 1 1 0 1 1 1 1 0 31 17 1 19
p 600 1 1 0 1 1 1 1 0 31 18 1 19
p 600 1 1 0 1 0 1 1 0 31 19 1 19
p 600 1 1 0 1 0 1 1 0 31 20 1 19
p 600 1 1 1 1 1 1 1 0 32 0 2 18
p 600 1 1 1 1 1 1 1 0 32 1 2 18
p 600 1 1 0 1 1 1 1 0 32 2 2 18
p 600 1 1 0 1 1 1 1 0 32 3 2 18
p 600 1 1 0 1 1 1 1 0 32 4 2 18
p 600 1 1 0 1 1 1 1 0 32 5 2 18
p 600 1 1 0 1 1 1 1 0 32 6 2 18
p 600 1 1 0 1 1 1 1 0 32 7 2 18
p 600 1 1 0 1 1 1 1 0 32 8 2 18
p 600 1 1 0 1 1 1 1 0 32 9 2 18
p 600 1 1 0 1 1 1 1 0 32 10 2 18
p 600 1 1 0 1 1 1 1 0 32 11 2 18
p 600 1 1 0 1 1 1 1 0 32 12 2 18
p 600 1 1 0 1 1 1 1 0 32 13 2 18
p 600 1 1 0 1 1 1 1 0 32 14 2 18
p 600 1 1 0 1 1 1 1 0 32 15 2 18
p 600 1 1 0 1 1 1 1 0 32 16 2 18
p 600 1 1 0 1 1 1 1 0 32 17 2 18
p 600 1 1 0 1 0 1 1 0 32 18 2 18
p 600 1 1 0 1 0 1 1 0 32 19 2 18
p 600 1 1 0 1 0 1 1 0 32 20 2 18
p 600 1 1 1 1 1 1 1 0 33 0 3 17
p 600 1 1 1 1 1 1 1 0 33 1 3 17
p 600 1 1 1 1 1 1 1 0 33 2 3 17
p 600 1 1 0 1 1 1 1 0 33 3 3 17
p 600 1 1 0 1 1 1 1 0 33 4 3 17
p 600 1 1 0 1 1 1 1 0 33 5 3 17
p 600 1 1 0 1 1 1 1 0 33 6 3 17
p 600 1 1 0 1 1 1 1 0 33 7 3 17
p 600 1 1 0 1 1 1 1 0 33 8 3 17
p 600 1 1 0 1 1 1 1 0 33 9 3 17
p 600 1 1 0 1 1 1 1 0 33 10 3 17
p 600 1 1 0 1 1 1 1 0 33 11 3 17
p 600 1 1 0 1 1 1 1 0 33 12 3 17
p 600 1 1 0 1 1 1 1 0 33 13 3 17
p 600 1 1 0 1 1 1 1 0 33 14 3 17
p 600 1 1 0 1 1 1 1 0 33 15 3 17
p 600 1 1 0 1 1 1 1 0 33 16 3 17
p 600 1 1 0 1 0 1 1 0 33 17 3 17
p 600 1 1 0 1 0 1 1 0 33 18 3 17
p 600 1 1 0 1 0 1 1 0 33 19 3 17
p 600 1 1 0 1 0 1 1 0 33 20 3 17
p 600 1 1 1 1 1 1 1 0 34 0 4 16
p 600 1 1 1 1 1 1 1 0 34 1 4 16
p 600 1 1 1 1 1 1 1 0 34 2 4 16
p 600 1 1 1 1 1 1 1 0 34 3 4 16
p 600 1 1 0 1 1 1 1 0 34 4 4 16
p 600 1 1 0 1 1 1 1 0 34 5 4 16
p 600 1 1 0 1 1 1 1 0 34 6 4 16
p 600 1 1 0 1 1 1 1 0 34 7 4 16
p 600 1 1 0 1 1 1 1 0 34 8 4 16
p 600 1 1 0 1 1 1 1 0 34 9 4 16
p 600 1 1 0 1 1 1 1 0 34 10 4 16
p 600 1 1 0 1 1 1 1 0 34 11 4 16
p 600 1 1 0 1 1 1 1 0 34 12 4 16
p 600 1 1 0 1 1 1 1 0 34 13 4 16
p 600 1 1 0 1 1 1 1 0 34 14 4 16
p 600 1 1 0 1 1 1 1 0 34 15 4 16
p 600 1 1 0 1 0 1 1 0 34 16 4 16
p 600 1 1 0 1 0 1 1 0 34 17 4 16
p 600 1 1 0 1 0 1 1 0 34 18 4 16
p 600 1 1 0 1 0 1 1 0 34 19 4 16
p 600 1 1 0 1 0 1 1 0 34 20 4 16
p 600 1 1 1 1 1 1 1 0 35 0 5 15
p 600 1 1 1 1 1 1 1 0 35 1 5 15
p 600 1 1 1 1 1 1 1 0 35 2 5 15
p 600 1 1 1 1 1 1 1 0 35 3 5 15
p 600 1 1 1 1 1 1 1 0 35 4 5 15
p 700 1 1 0 1 1 1 1 0 35 5 5 15
p 700 1 1 0 1 1 1 1 0 35 6 5 15
p 700 1 1 0 1 1 1 1 0 35 7 5 15
p 700 1 1 0 1 1 1 1 0 35 8 5 15
p 700 1 1 0 1 1 1 1 0 35 9 5 15
p 700 1 1 0 1 1 1 1 0 35 10 5 15
p 700 1 1 0 1 1 1 1 0 35 11 5 15
p 700 1 1 0 1 1 1 1 0 35 12 5 15
p 700 1 1 0 1 1 1 1 0 35 13 5 15
p 700 1 1 0 1 1 1 1 0 35 14 5 15
p 700 1 1 0 1 0 1 1 0 35 15 5 15
p 700 1 1 0 1 0 1 1 0 35 16 5 15
p 700 1 1 0 1 0 1 1 0 35 17 5 15
p 700 1 1 0 1 0 1 1 0 35 18 5 15
p 700 1 1 0 1 0 1 1 0 35 19 5 15
p 700 1 1 0 1 0 1 1 0 35 20 5 15
p 700 1 1 1 1 1 1 1 0 36 0 6 14
p 700 1 1 1 1 1 1 1 0 36 1 6 14
p 700 1 1 1 1 1 1 1 0 36 2 6 14
p 700 1 1 1 1 1 1 1 0 36 3 6 14
p 700 1 1 1 1 1 1 1 0 36 4 6 14
p 700 1 1 1 1 1 1 1 0 36 5 6 14
p 700 1 1 0 1 1 1 1 0 36 6 6 14
p 700 1 1 0 1 1 1 1 0 36 7 6 14
p 700 1 1 0 1 1 1 1 0 36 8 6 14
p 700 1 1 0 1 1 1 1 0 36 9 6 14
p 700 1 1 0 1 1 1 1 0 36 10 6 14
p 700 1 1 0 1 1 1 1 0 36 11 6 14
p 700 1 1 0 1 1 1 1 0 36 12 6 14
p 700 1 1 0 1 1 1 1 0 36 13 6 14
p 700 1 1 0 1 0 1 1 0 36 14 6 14
p 700 1 1 0 1 0 1 1 0 36 15 6 14
p 700 1 1 0 1 0 1 1 0 36 16 6 14
p 700 1 1 0 1 0 1 1 0 36 17 6 14
p 700 1 1 0 1 0 1 1 0 36 18 6 14
p 700 1 1 0 1 0 1 1 0 36 19 6 14
p 700 1 1 0 1 0 1 1 0 36 20 6 14
p 700 1 1 1 1 1 1 1 0 37 0 7 13
p 700 1 1 1 1 1 1 1 0 37 1 7 13
p 700 1 1 1 1 1 1 1 0 37 2 7 13
p 700 1 1 1 1 1 1 1 0 37 3 7 13
p 700 1 1 1 1 1 1 1 0 37 4 7 13
p 700 1 1 1 1 1 1 1 0 37 5 7 13
p 700 1 1 1 1 1 1 1 0 37 6 7 13
p 700 1 1 0 1 1 1 1 0 37 7 7 13
p 700 1 1 0 1 1 1 1 0 37 8 7 13
p 700 1 1 0 1 1 1 1 0 37 9 7 13
p 700 1 1 0 1 1 1 1 0 37 10 7 13
p 700 1 1 0 1 1 1 1 0 37 11 7 13
p 700 1 1 0 1 1 1 1 0 37 12 7 13
p 700 1 1 0 1 0 1 1 0 37 13 7 13
p 700 1 1 0 1 0 1 1 0 37 14 7 13
p 700 1 1 0 1 0 1 1 0 37 15 7 13
p 700 1 1 0 1 0 1 1 0 37 16 7 13
p 700 1 1 0 1 0 1 1 0 37 17 7 13
p 700 1 1 0 1 0 1 1 0 37 18 7 13
p 700 1 1 0 1 0 1 1 0 37 19 7 13
p 700 1 1 0 1 0 1 1 0 37 20 7 13
p 700 1 1 1 1 1 1 1 0 38 0 8 12
p 700 1 1 1 1 1 1 1 0 38 1 8 12
p 700 1 1 1 1 1 1 1 0 38 2 8 12
p 700 1 1 1 1 1 1 1 0 38 3 8 12
p 700 1 1 1 1 1 1 1 0 38 4 8 12
p 700 1 1 1 1 1 1 1 0 38 5 8 12
p 700 1 1 1 1 1 1 1 0 38 6 8 12
p 700 1 1 1 1 1 1 1 0 38 7 8 12
p 700 1 1 0 1 1 1 1 0 38 8 8 12
p 700 1 1 0 1 1 1 1 0 38 9 8 12
p 700 1 1 0 1 1 1 1 0 38 10 8 12
p 700 1 1 0 1 1 1 1 0 38 11 8 12
p 700 1 1 0 1 0 1 1 0 38 12 8 12
p 700 1 1 0 1 0 1 1 0 38 13 8 12
p 700 1 1 0 1 0 1 1 0 38 14 8 12
p 700 1 1 0 1 0 1 1 0 38 15 8 12
p 700 1 1 0 1 0 1 1 0 38 16 8 12
p 700 1 1 0 1 0 1 1 0 38 17 8 12
p 700 1 1 0 1 0 1 1 0 38 18 8 12
p 700 1 1 0 1 0 1 1 0 38 19 8 12
p 700 1 1 0 1 0 1 1 0 38 20 8 12
p 700 1 1 1 1 1 1 1 0 39 0 9 11
p 700 1 1 1 1 1 1 1 0 39 1 9 11
p 700 1 1 1 1 1 1 1 0 39 2 9 11
p 700 1 1 1 1 1 1 1 0 39 3 9 11
p 700 1 1 1 1 1 1 1 0 39 4 9 11
p 700 1 1 1 1 1 1 1 0 39 5 9 11
p 700 1 1 1 1 1 1 1 0 39 6 9 11
p 700 1 1 1 1 1 1 1 0 39 7 9 11
p 700 1 1 1 1 1 1 1 0 39 8 9 11
p 700 1 1 0 1 1 1 1 0 39 9 9 11
p 700 1 1 0 1 1 1 1 0 39 10 9 11
p 700 1 1 0 1 0 1 1 0 39 11 9 11
p 700 1 1 0 1 0 1 1 0 39 12 9 11
p 700 1 1 0 1 0 1 1 0 39 13 9 11
p 700 1 1 0 1 0 1 1 0 39 14 9 11
p 700 1 1 0 1 0 1 1 0 39 15 9 11
p 700 1 1 0 1 0 1 1 0 39 16 9 11
p 700 1 1 0 1 0 1 1 0 39 17 9 11
p 700 1 1 0 1 0 1 1 0 39 18 9 11
p 700 1 1 0 1 0 1 1 0 39 19 9 11
p 700 1 1 0 1 0 1 1 0 39 20 9 11
p 700 1 1 1 1 1 1 1 0 40 0 10 10
p 700 1 1 1 1 1 1 1 0 40 1 10 10
p 700 1 1 1 1 1 1 1 0 40 2 10 10
p 700 1 1 1 1 1 1 1 0 40 3 10 10
p 700 1 1 1 1 1 1 1 0 40 4 10 10
p 700 1 1 1 1 1 1 1 0 40 5 10 10
p 700 1 1 1 1 1 1 1 0 40 6 10 10
p 700 1 1 1 1 1 1 1 0 40 7 10 10
p 700 1 1 1 1 1 1 1 0 40 8 10 10
p 700 1 1 1 1 1 1 1 0 40 9 10 10
p 700 1 1 0 1 0 1 1 0 40 10 10 10
p 700 1 1 0 1 0 1 1 0 40 11 10 10
p 700 1 1 0 1 0 1 1 0 40 12 10 10
p 700 1 1 0 1 0 1 1 0 40 13 10 10
p 700 1 1 0 1 0 1 1 0 40 14 10 10
p 700 1 1 0 1 0 1 1 0 40 15 10 10
p 700 1 1 0 1 0 1 1 0 40 16 10 10
p 700 1 1 0 1 0 1 1 0 40 17 10 10
p 700 1 1 0 1 0 1 1 0 40 18 10 10
p 700 1 1 0 1 0 1 1 0 40 19 10 10
p 800 1 1 0 1 0 1 1 0 40 20 10 10
p 800 1 1 1 1 1 1 1 0 41 0 11 9
p 800 1 1 1 1 1 1 1 0 41 1 11 9
p 800 1 1 1 1 1 1 1 0 41 2 11 9
p 800 1 1 1 1 1 1 1 0 41 3 11 9
p 800 1 1 1 1 1 1 1 0 41 4 11 9
p 800 1 1 1 1 1 1 1 0 41 5 11 9
p 800 1 1 1 1 1 1 1 0 41 6 11 9
p 800 1 1 1 1 1 1 1 0 41 7 11 9
p 800 1 1 1 1 1 1 1 0 41 8 11 9
p 800 1 1 1 1 0 1 1 0 41 9 11 9
p 800 1 1 1 1 0 1 1 0 41 10 11 9
p 800 1 1 0 1 0 1 1 0 41 11 11 9
p 800 1 1 0 1 0 1 1 0 41 12 11 9
p 800 1 1 0 1 0 1 1 0 41 13 11 9
p 800 1 1 0 1 0 1 1 0 41 14 11 9
p 800 1 1 0 1 0 1 1 0 41 15 11 9
p 800 1 1 0 1 0 1 1 0 41 16 11 9
p 800 1 1 0 1 0 1 1 0 41 17 11 9
p 800 1 1 0 1 0 1 1 0 41 18 11 9
p 800 1 1 0 1 0 1 1 0 41 19 11 9
p 800 1 1 0 1 0 1 1 0 41 20 11 9
p 800 1 1 1 1 1 1 1 0 42 0 12 8
p 800 1 1 1 1 1 1 1 0 42 1 12 8
p 800 1 1 1 1 1 1 1 0 42 2 12 8
p 800 1 1 1 1 1 1 1 0 42 3 12 8
p 800 1 1 1 1 1 1 1 0 42 4 12 8
p 800 1 1 1 1 1 1 1 0 42 5 12 8
p 800 1 1 1 1 1 1 1 0 42 6 12 8
p 800 1 1 1 1 1 1 1 0 42 7 12 8
p 800 1 1 1 1 0 1 1 0 42 8 12 8
p 800 1 1 1 1 0 1 1 0 42 9 12 8
p 800 1 1 1 1 0 1 1 0 42 10 12 8
p 800 1 1 1 1 0 1 1 0 42 11 12 8
p 800 1 1 0 1 0 1 1 0 42 12 12 8
p 800 1 1 0 1 0 1 1 0 42 13 12 8
p 800 1 1 0 1 0 1 1 0 42 14 12 8
p 800 1 1 0 1 0 1 1 0 42 15 12 8
p 800 1 1 0 1 0 1 1 0 42 16 12 8
p 800 1 1 0 1 0 1 1 0 42 17 12 8
p 800 1 1 0 1 0 1 1 0 42 18 12 8
p 800 1 1 0 1 0 1 1 0 42 19 12 8
p 800 1 1 0 1 0 1 1 0 42 20 12 8
p 800 1 1 1 1 1 1 1 0 43 0 13 7
p 800 1 1 1 1 1 1 1 0 43 1 13 7
p 800 1 1 1 1 1 1 1 0 43 2 13 7
p 800 1 1 1 1 1 1 1 0 43 3 13 7
p 800 1 1 1 1 1 1 1 0 43 4 13 7
p 800 1 1 1 1 1 1 1 0 43 5 13 7
p 800 1 1 1 1 1 1 1 0 43 6 13 7
p 800 1 1 1 1 0 1 1 0 43 7 13 7
p 800 1 1 1 1 0 1 1 0 43 8 13 7
p 800 1 1 1 1 0 1 1 0 43 9 13 7
p 800 1 1 1 1 0 1 1 0 43 10 13 7
p 800 1 1 1 1 0 1 1 0 43 11 13 7
p 800 1 1 1 1 0 1 1 0 43 12 13 7
p 800 1 1 0 1 0 1 1 0 43 13 13 7
p 800 1 1 0 1 0 1 1 0 43 14 13 7
p 800 1 1 0 1 0 1 1 0 43 15 13 7
p 800 1 1 0 1 0 1 1 0 43 16 13 7
p 800 1 1 0 1 0 1 1 0 43 17 13 7
p 800 1 1 0 1 0 1 1 0 43 18 13 7
p 800 1 1 0 1 0 1 1 0 43 19 13 7
p 800 1 1 0 1 0 1 1 0 43 20 13 7
p 800 1 1 1 1 1 1 1 0 44 0 14 6
p 800 1 1 1 1 1 1 1 0 44 1 14 6
p 800 1 1 1 1 1 1 1 0 44 2 14 6
p 800 1 1 1 1 1 1 1 0 44 3 14 6
p 800 1 1 1 1 1 1 1 0 44 4 14 6
p 800 1 1 1 1 1 1 1 0 44 5 14 6
p 800 1 1 1 1 0 1 1 0 44 6 14 6
p 800 1 1 1 1 0 1 1 0 44 7 14 6
p 800 1 1 1 1 0 1 1 0 44 8 14 6
p 800 1 1 1 1 0 1 1 0 44 9 14 6
p 800 1 1 1 1 0 1 1 0 44 10 14 6
p 800 1 1 1 1 0 1 1 0 44 11 14 6
p 800 1 1 1 1 0 1 1 0 44 12 14 6
p 800 1 1 1 1 0 1 1 0 44 13 14 6
p 800 1 1 0 1 0 1 1 0 44 14 14 6
p 800 1 1 0 1 0 1 1 0 44 15 14 6
p 800 1 1 0 1 0 1 1 0 44 16 14 6
p 800 1 1 0 1 0 1 1 0 44 17 14 6
p 800 1 1 0 1 0 1 1 0 44 18 14 6
p 800 1 1 0 1 0 1 1 0 44 19 14 6
p 800 1 1 0 1 0 1 1 0 44 20 14 6
p 800 1 1 1 1 1 1 1 0 45 0 15 5
p 800 1 1 1 1 1 1 1 0 45 1 15 5
p 800 1 1 1 1 1 1 1 0 45 2 15 5
p 800 1 1 1 1 1 1 1 0 45 3 15 5
p 800 1 1 1 1 1 1 1 0 45 4 15 5
p 800 1 1 1 1 0 1 1 0 45 5 15 5
p 800 1 1 1 1 0 1 1 0 45 6 15 5
p 800 1 1 1 1 0 1 1 0 45 7 15 5
p 800 1 1 1 1 0 1 1 0 45 8 15 5
p 800 1 1 1 1 0 1 1 0 45 9 15 5
p 800 1 1 1 1 0 1 1 0 45 10 15 5
p 800 1 1 1 1 0 1 1 0 45 11 15 5
p 800 1 1 1 1 0 1 1 0 45 12 15 5
p 800 1 1 1 1 0 1 1 0 45 13 15 5
p 800 1 1 1 1 0 1 1 0 45 14 15 5
p 800 1 1 0 1 0 1 1 0 45 15 15 5
p 800 1 1 0 1 0 1 1 0 45 16 15 5
p 800 1 1 0 1 0 1 1 0 45 17 15 5
p 800 1 1 0 1 0 1 1 0 45 18 15 5
p 800 1 1 0 1 0 1 1 0 45 19 15 5
p 800 1 1 0 1 0 1 1 0 45 20 15 5
p 800 1 1 1 1 1 1 1 0 46 0 16 4
p 800 1 1 1 1 1 1 1 0 46 1 16 4
p 800 1 1 1 1 1 1 1 0 46 2 16 4
p 800 1 1 1 1 1 1 1 0 46 3 16 4
p 800 1 1 1 1 0 1 1 0 46 4 16 4
p 800 1 1 1 1 0 1 1 0 46 5 16 4
p 800 1 1 1 1 0 1 1 0 46 6 16 4
p 800 1 1 1 1 0 1 1 0 46 7 16 4
p 800 1 1 1 1 0 1 1 0 46 8 16 4
p 800 1 1 1 1 0 1 1 0 46 9 16 4
p 800 1 1 1 1 0 1 1 0 46 10 16 4
p 800 1 1 1 1 0 1 1 0 46 11 16 4
p 800 1 1 1 1 0 1 1 0 46 12 16 4
p 800 1 1 1 1 0 1 1 0 46 13 16 4
p 900 1 1 1 1 0 1 1 0 46 14 16 4
p 900 1 1 1 1 0 1 1 0 46 15 16 4
p 900 1 1 0 1 0 1 1 0 46 16 16 4
p 900 1 1 0 1 0 1 1 0 46 17 16 4
p 900 1 1 0 1 0 1 1 0 46 18 16 4
p 900 1 1 0 1 0 1 1 0 46 19 16 4
p 900 1 1 0 1 0 1 1 0 46 20 16 4
p 900 1 1 1 1 1 1 1 0 47 0 17 3
p 900 1 1 1 1 1 1 1 0 47 1 17 3
p 900 1 1 1 1 1 1 1 0 47 2 17 3
p 900 1 1 1 1 0 1 1 0 47 3 17 3
p 900 1 1 1 1 0 1 1 0 47 4 17 3
p 900 1 1 1 1 0 1 1 0 47 5 17 3
p 900 1 1 1 1 0 1 1 0 47 6 17 3
p 900 1 1 1 1 0 1 1 0 47 7 17 3
p 900 1 1 1 1 0 1 1 0 47 8 17 3
p 900 1 1 1 1 0 1 1 0 47 9 17 3
p 900 1 1 1 1 0 1 1 0 47 10 17 3
p 900 1 1 1 1 0 1 1 0 47 11 17 3
p 900 1 1 1 1 0 1 1 0 47 12 17 3
p 900 1 1 1 1 0 1 1 0 47 13 17 3
p 900 1 1 1 1 0 1 1 0 47 14 17 3
p 900 1 1 1 1 0 1 1 0 47 15 17 3
p 900 1 1 1 1 0 1 1 0 47 16 17 3
p 900 1 1 0 1 0 1 1 0 47 17 17 3
p 900 1 1 0 1 0 1 1 0 47 18 17 3
p 900 1 1 0 1 0 1 1 0 47 19 17 3
p 900 1 1 0 1 0 1 1 0 47 20 17 3
p 900 1 1 1 1 1 1 1 0 48 0 18 2
p 900 1 1 1 1 1 1 1 0 48 1 18 2
p 900 1 1 1 1 0 1 1 0 48 2 18 2
p 900 1 1 1 1 0 1 1 0 48 3 18 2
p 900 1 1 1 1 0 1 1 0 48 4 18 2
p 900 1 1 1 1 0 1 1 0 48 5 18 2
p 900 1 1 1 1 0 1 1 0 48 6 18 2
p 900 1 1 1 1 0 1 1 0 48 7 18 2
p 900 1 1 1 1 0 1 1 0 48 8 18 2
p 900 1 1 1 1 0 1 1 0 48 9 18 2
p 900 1 1 1 1 0 1 1 0 48 10 18 2
p 900 1 1 1 1 0 1 1 0 48 11 18 2
p 900 1 1 1 1 0 1 1 0 48 12 18 2
p 900 1 1 1 1 0 1 1 0 48 13 18 2
p 900 1 1 1 1 0 1 1 0 48 14 18 2
p 900 1 1 1 1 0 1 1 0 48 15 18 2
