r 18875 12 1808 1808 17064 21486 0 0 0 0 0
r 20689 13 1811 1811 18875 23297 0 0 0 0 0
r 22503 14 1814 1814 20689 25111 0 0 0 0 0
r 24317 15 1814 1814 22503 26925 0 0 0 0 0
r 26131 16 1814 1814 24317 28739 0 0 0 0 0
r 27945 17 1814 1814 26131 30553 0 0 0 0 0
r 29759 18 1814 1814 27945 32367 0 0 0 0 0
r 31573 19 1814 1814 29759 4294935941 0 0 0 0 0
r 620 20 1814 1814 31573 4294937755 0 0 0 0 0
r 2435 21 1815 1815 620 4294939570 0 0 0 0 0
r 4250 22 1815 1815 2435 4294941385 0 0 0 0 0
r 6065 23 1815 1815 4250 4294943200 0 0 0 0 0
r 7880 24 1815 1815 6065 4294945015 0 0 0 0 0
r 9695 25 1815 1815 7880 4294946830 0 0 0 0 0
r 11510 26 1815 1815 9695 4294948645 0 0 0 0 0
r 13325 27 1815 1815 11510 4294950460 0 0 0 0 0
r 16962 28 1815 1815 13325 4294952275 0 0 0 0 0
r 18787 29 3637 3637 16962 4294955912 0 0 0 0 0
r 20613 0 1825 1825 18787 0 0 0 0 0 0
r 22438 1 1826 1826 20613 1826 0 0 0 0 0
r 24264 2 1825 1825 22438 3651 0 0 0 0 0
r 26089 3 1826 1826 24264 5477 0 0 0 0 0
r 27915 4 1825 1825 26089 7302 0 0 0 0 0
r 29740 5 1826 1826 27915 9128 0 0 0 0 0
r 31566 6 1825 1825 29740 10953 0 0 0 0 0
r 620 7 1826 1826 31566 12779 0 0 0 0 0
r 2442 8 1822 1822 620 14601 0 0 0 0 0
r 4264 9 1822 1822 2442 16423 0 0 0 0 0
r 0 10 1822 1822 4264 18245 0 0 0 0 0
r 0 11 1822 1822 0 20067 0 0 0 0 0
r 0 12 1822 1822 0 21889 0 0 0 0 0
r 0 13 1822 1822 0 23711 0 0 0 0 0
