r 123 0 0 10000 0 0 0 0 0 0 0
r 456 1 123 123 123 123 0 0 0 0 0
r 796 2 333 333 456 456 0 0 0 0 0
r 1143 3 340 340 796 796 0 0 0 0 0
r 1497 4 347 347 1143 1143 0 0 0 0 0
r 1858 5 354 354 1497 1497 0 0 0 0 0
r 2226 6 361 361 1858 1858 0 0 0 0 0
r 2601 7 368 368 2226 2226 0 0 0 0 0
r 3358 8 375 375 2601 2601 0 0 0 0 0
r 3743 9 757 757 3358 3358 0 0 0 0 0
r 4136 10 385 385 3743 3743 0 0 0 0 0
r 4535 11 393 393 4136 4136 0 0 0 0 0
r 4942 12 399 399 4535 4535 0 0 0 0 0
r 5355 13 407 407 4942 4942 0 0 0 0 0
r 5776 14 413 413 5355 5355 0 0 0 0 0
r 6203 15 421 421 5776 5776 0 0 0 0 0
r 6638 16 427 427 6203 6203 0 0 0 0 0
r 7079 17 435 435 6638 6638 0 0 0 0 0
r 7528 18 441 441 7079 7079 0 0 0 0 0
r 7983 19 449 449 7528 7528 0 0 0 0 0
r 8446 20 455 455 7983 7983 0 0 0 0 0
r 8915 21 463 463 8446 8446 0 0 0 0 0
r 9392 22 469 469 8915 8915 0 0 0 0 0
r 9875 23 477 477 9392 9392 0 0 0 0 0
r 10366 24 483 483 9875 9875 0 0 0 0 0
r 10863 25 491 491 10366 10366 0 0 0 0 0
r 11368 26 497 497 10863 10863 0 0 0 0 0
r 11879 27 505 505 11368 11368 0 0 0 0 0
r 12398 28 511 511 11879 11879 0 0 0 0 0
r 12923 29 519 519 12398 12398 0 0 0 0 0
r 13456 0 525 525 12923 0 0 0 0 0 0
r 13995 1 533 533 13456 533 0 0 0 0 0
r 14542 2 539 539 13995 1072 0 0 0 0 0
r 15095 3 547 547 14542 1619 0 0 0 0 0
r 15656 4 553 553 15095 2172 0 0 0 0 0
r 16223 5 561 561 15656 2733 0 0 0 0 0
r 16798 6 567 567 16223 3300 0 0 0 0 0
r 17379 7 575 575 16798 3875 0 0 0 0 0
r 17968 8 581 581 17379 4456 0 0 0 0 0
r 18563 9 589 589 17968 5045 0 0 0 0 0
r 19166 10 595 595 18563 5640 0 0 0 0 0
r 19775 11 603 603 19166 6243 0 0 0 0 0
r 20392 12 609 609 19775 6852 0 0 0 0 0
r 21015 13 617 617 20392 7469 0 0 0 0 0
r 21646 14 623 623 21015 8092 0 0 0 0 0
r 22283 15 631 631 21646 8723 0 0 0 0 0
r 22928 16 637 637 22283 9360 0 0 0 0 0
r 23579 17 645 645 22928 10005 0 0 0 0 0
r 24238 18 651 651 23579 10656 0 0 0 0 0
r 24903 19 659 659 24238 11315 0 0 0 0 0
r 25576 20 665 665 24903 11980 0 0 0 0 0
r 26255 21 673 673 25576 12653 0 0 0 0 0
r 26942 22 679 679 26255 13332 0 0 0 0 0
r 27635 23 687 687 26942 14019 0 0 0 0 0
r 28336 24 693 693 27635 14712 0 0 0 0 0
r 29043 25 701 701 28336 15413 0 0 0 0 0
r 29758 26 707 707 29043 16120 0 0 0 0 0
r 30479 27 715 715 29758 16835 0 0 0 0 0
r 31208 28 721 721 30479 17556 0 0 0 0 0
r 31943 29 729 729 31208 18285 0 0 0 0 0
r 32686 0 735 735 31943 0 0 0 0 0 0
r 668 1 743 743 32686 743 0 0 0 0 0
r 1425 2 750 750 668 1493 0 0 0 0 0
r 2189 3 757 757 1425 2250 0 0 0 0 0
r 2960 4 764 764 2189 3014 0 0 0 0 0
r 3738 5 771 771 2960 3785 0 0 0 0 0
r 4523 6 778 778 3738 4563 0 0 0 0 0
r 5315 7 785 785 4523 5348 0 0 0 0 0
r 6906 8 792 792 5315 6140 0 0 0 0 0
r 7708 9 1591 1591 6906 7731 0 0 0 0 0
r 8518 10 802 802 7708 8533 0 0 0 0 0
r 9334 11 810 810 8518 9343 0 0 0 0 0
r 10158 12 816 816 9334 10159 0 0 0 0 0
r 10988 13 824 824 10158 10983 0 0 0 0 0
r 11826 14 830 830 10988 11813 0 0 0 0 0
r 12670 15 838 838 11826 12651 0 0 0 0 0
r 13522 16 844 844 12670 13495 0 0 0 0 0
r 14380 17 852 852 13522 14347 0 0 0 0 0
r 15246 18 858 858 14380 15205 0 0 0 0 0
r 16118 19 866 866 15246 16071 0 0 0 0 0
r 16998 20 872 872 16118 16943 0 0 0 0 0
r 17884 21 880 880 16998 17823 0 0 0 0 0
r 18778 22 886 886 17884 18709 0 0 0 0 0
r 19678 23 894 894 18778 19603 0 0 0 0 0
r 20586 24 900 900 19678 20503 0 0 0 0 0
r 21500 25 908 908 20586 21411 0 0 0 0 0
r 22422 26 914 914 21500 22325 0 0 0 0 0
r 23350 27 922 922 22422 23247 0 0 0 0 0
r 24286 28 928 928 23350 24175 0 0 0 0 0
r 25228 29 936 936 24286 25111 0 0 0 0 0
r 26178 0 942 942 25228 0 0 0 0 0 0
r 27134 1 950 950 26178 950 0 0 0 0 0
r 28098 2 956 956 27134 1906 0 0 0 0 0
r 29068 3 964 964 28098 2870 0 0 0 0 0
r 30046 4 970 970 29068 3840 0 0 0 0 0
r 31030 5 978 978 30046 4818 0 0 0 0 0
r 32022 6 984 984 31030 5802 0 0 0 0 0
r 250 7 992 992 32022 6794 0 0 0 0 0
r 1253 8 996 996 250 7790 0 0 0 0 0
r 2263 9 1003 1003 1253 8793 0 0 0 0 0
r 3280 10 1010 1010 2263 9803 0 0 0 0 0
r 4304 11 1017 1017 3280 10820 0 0 0 0 0
r 5335 12 1024 1024 4304 11844 0 0 0 0 0
r 6373 13 1031 1031 5335 12875 0 0 0 0 0
r 7418 14 1038 1038 6373 13913 0 0 0 0 0
r 8470 15 1045 1045 7418 14958 0 0 0 0 0
r 9529 16 1052 1052 8470 16010 0 0 0 0 0
r 10595 17 1059 1059 9529 17069 0 0 0 0 0
r 11668 18 1066 1066 10595 18135 0 0 0 0 0
r 12748 19 1073 1073 11668 19208 0 0 0 0 0
r 13835 20 1080 1080 12748 20288 0 0 0 0 0
r 14929 21 1087 1087 13835 21375 0 0 0 0 0
r 16030 22 1094 1094 14929 22469 0 0 0 0 0
r 17138 23 1101 1101 16030 23570 0 0 0 0 0
r 18253 24 1108 1108 17138 24678 0 0 0 0 0
r 19375 25 1115 1115 18253 25793 0 0 0 0 0
r 20504 26 1122 1122 19375 26915 0 0 0 0 0
r 21640 27 1129 1129 20504 28044 0 0 0 0 0
r 22783 28 1136 1136 21640 29180 0 0 0 0 0
r 23933 29 1143 1143 22783 30323 0 0 0 0 0
r 25090 0 1150 1150 23933 0 0 0 0 0 0
r 26254 1 1157 1157 25090 1157 0 0 0 0 0
r 27425 2 1164 1164 26254 2321 0 0 0 0 0
r 28603 3 1171 1171 27425 3492 0 0 0 0 0
r 29788 4 1178 1178 28603 4670 0 0 0 0 0
r 30980 5 1185 1185 29788 5855 0 0 0 0 0
r 32179 6 1192 1192 30980 7047 0 0 0 0 0
r 620 7 1199 1199 32179 8246 0 0 0 0 0
r 3045 8 1209 1209 620 9455 0 0 0 0 0
r 4264 9 2425 2425 3045 11880 0 0 0 0 0
r 5491 10 1219 1219 4264 13099 0 0 0 0 0
r 6724 11 1227 1227 5491 14326 0 0 0 0 0
r 7965 12 1233 1233 6724 15559 0 0 0 0 0
r 9212 13 1241 1241 7965 16800 0 0 0 0 0
r 10467 14 1247 1247 9212 18047 0 0 0 0 0
r 11728 15 1255 1255 10467 19302 0 0 0 0 0
r 12997 16 1261 1261 11728 20563 0 0 0 0 0
r 14272 17 1269 1269 12997 21832 0 0 0 0 0
r 15555 18 1275 1275 14272 23107 0 0 0 0 0
r 16844 19 1283 1283 15555 24390 0 0 0 0 0
r 18141 20 1289 1289 16844 25679 0 0 0 0 0
r 19444 21 1297 1297 18141 26976 0 0 0 0 0
r 20755 22 1303 1303 19444 28279 0 0 0 0 0
r 22072 23 1311 1311 20755 29590 0 0 0 0 0
r 23397 24 1317 1317 22072 30907 0 0 0 0 0
r 24728 25 1325 1325 23397 32232 0 0 0 0 0
r 26067 26 1331 1331 24728 4294935323 0 0 0 0 0
r 27412 27 1339 1339 26067 4294936662 0 0 0 0 0
r 28765 28 1345 1345 27412 4294938007 0 0 0 0 0
r 30124 29 1353 1353 28765 4294939360 0 0 0 0 0
r 31491 0 1359 1359 30124 0 0 0 0 0 0
r 100 1 1367 1367 31491 1367 0 0 0 0 0
r 1484 2 1377 1377 100 2744 0 0 0 0 0
r 2875 3 1384 1384 1484 4128 0 0 0 0 0
r 4273 4 1391 1391 2875 5519 0 0 0 0 0
r 5678 5 1398 1398 4273 6917 0 0 0 0 0
r 7090 6 1405 1405 5678 8322 0 0 0 0 0
r 8509 7 1412 1412 7090 9734 0 0 0 0 0
r 9935 8 1419 1419 8509 11153 0 0 0 0 0
r 11368 9 1426 1426 9935 12579 0 0 0 0 0
r 12808 10 1433 1433 11368 14012 0 0 0 0 0
r 14255 11 1440 1440 12808 15452 0 0 0 0 0
r 15709 12 1447 1447 14255 16899 0 0 0 0 0
r 17170 13 1454 1454 15709 18353 0 0 0 0 0
r 18638 14 1461 1461 17170 19814 0 0 0 0 0
r 20113 15 1468 1468 18638 21282 0 0 0 0 0
r 21595 16 1475 1475 20113 22757 0 0 0 0 0
r 23084 17 1482 1482 21595 24239 0 0 0 0 0
r 24580 18 1489 1489 23084 25728 0 0 0 0 0
r 26083 19 1496 1496 24580 27224 0 0 0 0 0
r 27593 20 1503 1503 26083 28727 0 0 0 0 0
r 29110 21 1510 1510 27593 30237 0 0 0 0 0
r 30634 22 1517 1517 29110 31754 0 0 0 0 0
r 32165 23 1524 1524 30634 4294935038 0 0 0 0 0
r 930 24 1531 1531 32165 4294936569 0 0 0 0 0
r 2470 25 1533 1533 930 4294938102 0 0 0 0 0
r 4017 26 1540 1540 2470 4294939642 0 0 0 0 0
r 5571 27 1547 1547 4017 4294941189 0 0 0 0 0
r 7132 28 1554 1554 5571 4294942743 0 0 0 0 0
r 8700 29 1561 1561 7132 4294944304 0 0 0 0 0
r 10275 0 1568 1568 8700 0 0 0 0 0 0
r 11857 1 1575 1575 10275 1575 0 0 0 0 0
r 13446 2 1582 1582 11857 3157 0 0 0 0 0
r 15042 3 1589 1589 13446 4746 0 0 0 0 0
r 16645 4 1596 1596 15042 6342 0 0 0 0 0
r 18255 5 1603 1603 16645 7945 0 0 0 0 0
r 19872 6 1610 1610 18255 9555 0 0 0 0 0
r 21496 7 1617 1617 19872 11172 0 0 0 0 0
r 24751 8 1624 1624 21496 12796 0 0 0 0 0
r 26385 9 3255 3255 24751 16051 0 0 0 0 0
r 28027 10 1634 1634 26385 17685 0 0 0 0 0
r 29675 11 1642 1642 28027 19327 0 0 0 0 0
r 31331 12 1648 1648 29675 20975 0 0 0 0 0
r 230 13 1656 1656 31331 22631 0 0 0 0 0
r 1904 14 1667 1667 230 24298 0 0 0 0 0
r 3585 15 1674 1674 1904 25972 0 0 0 0 0
r 5273 16 1681 1681 3585 27653 0 0 0 0 0
r 6968 17 1688 1688 5273 29341 0 0 0 0 0
r 8670 18 1695 1695 6968 31036 0 0 0 0 0
r 10379 19 1702 1702 8670 32738 0 0 0 0 0
r 12095 20 1709 1709 10379 4294936207 0 0 0 0 0
r 13818 21 1716 1716 12095 4294937923 0 0 0 0 0
r 15548 22 1723 1723 13818 4294939646 0 0 0 0 0
r 17285 23 1730 1730 15548 4294941376 0 0 0 0 0
r 19029 24 1737 1737 17285 4294943113 0 0 0 0 0
r 20780 25 1744 1744 19029 4294944857 0 0 0 0 0
r 22538 26 1751 1751 20780 4294946608 0 0 0 0 0
r 24303 27 1758 1758 22538 4294948366 0 0 0 0 0
r 26075 28 1765 1765 24303 4294950131 0 0 0 0 0
r 27854 29 1772 1772 26075 4294951903 0 0 0 0 0
r 29640 0 1779 1779 27854 0 0 0 0 0 0
r 31433 1 1786 1786 29640 1786 0 0 0 0 0
r 460 2 1793 1793 31433 3579 0 0 0 0 0
r 2262 3 1795 1795 460 5374 0 0 0 0 0
r 4071 4 1802 1802 2262 7176 0 0 0 0 0
r 5887 5 1809 1809 4071 8985 0 0 0 0 0
r 7710 6 1816 1816 5887 10801 0 0 0 0 0
r 9540 7 1823 1823 7710 12624 0 0 0 0 0
r 11377 8 1830 1830 9540 14454 0 0 0 0 0
r 13221 9 1837 1837 11377 16291 0 0 0 0 0
r 15072 10 1844 1844 13221 18135 0 0 0 0 0
r 16930 11 1851 1851 15072 19986 0 0 0 0 0
r 18795 12 1858 1858 16930 21844 0 0 0 0 0
r 20667 13 1865 1865 18795 23709 0 0 0 0 0
r 22546 14 1872 1872 20667 25581 0 0 0 0 0
r 24432 15 1879 1879 22546 27460 0 0 0 0 0
r 26325 16 1886 1886 24432 29346 0 0 0 0 0
r 28225 17 1893 1893 26325 31239 0 0 0 0 0
r 30132 18 1900 1900 28225 4294934899 0 0 0 0 0
r 32046 19 1907 1907 30132 4294936806 0 0 0 0 0
r 1200 20 1914 1914 32046 4294938720 0 0 0 0 0
r 3129 21 1922 1922 1200 4294940642 0 0 0 0 0
r 5065 22 1929 1929 3129 4294942571 0 0 0 0 0
r 7008 23 1936 1936 5065 4294944507 0 0 0 0 0
r 8958 24 1943 1943 7008 4294946450 0 0 0 0 0
r 10915 25 1950 1950 8958 4294948400 0 0 0 0 0
r 12879 26 1957 1957 10915 4294950357 0 0 0 0 0
r 14850 27 1964 1964 12879 4294952321 0 0 0 0 0
r 16828 28 1971 1971 14850 4294954292 0 0 0 0 0
r 18813 29 1978 1978 16828 4294956270 0 0 0 0 0
r 20805 0 1985 1985 18813 0 0 0 0 0 0
r 22804 1 1992 1992 20805 1992 0 0 0 0 0
r 24810 2 1999 1999 22804 3991 0 0 0 0 0
r 26823 3 2006 2006 24810 5997 0 0 0 0 0
r 28843 4 2013 2013 26823 8010 0 0 0 0 0
r 30870 5 2020 2020 28843 10030 0 0 0 0 0
r 130 6 2027 2027 30870 12057 0 0 0 0 0
r 2165 7 2028 2028 130 14085 0 0 0 0 0
r 6242 8 2035 2035 2165 16120 0 0 0 0 0
r 8287 9 4077 4077 6242 20197 0 0 0 0 0
r 10340 10 2045 2045 8287 22242 0 0 0 0 0
r 12399 11 2053 2053 10340 24295 0 0 0 0 0
r 14466 12 2059 2059 12399 26354 0 0 0 0 0
r 16539 13 2067 2067 14466 28421 0 0 0 0 0
r 18620 14 2073 2073 16539 30494 0 0 0 0 0
r 20707 15 2081 2081 18620 32575 0 0 0 0 0
r 22802 16 2087 2087 20707 4294936422 0 0 0 0 0
r 24903 17 2095 2095 22802 4294938517 0 0 0 0 0
r 27012 18 2101 2101 24903 4294940618 0 0 0 0 0
r 29127 19 2109 2109 27012 4294942727 0 0 0 0 0
r 31250 20 2115 2115 29127 4294944842 0 0 0 0 0
r 610 21 2123 2123 31250 4294946965 0 0 0 0 0
r 2745 22 2128 2128 610 4294949093 0 0 0 0 0
r 4887 23 2135 2135 2745 4294951228 0 0 0 0 0
r 7036 24 2142 2142 4887 4294953370 0 0 0 0 0
r 9192 25 2149 2149 7036 4294955519 0 0 0 0 0
r 11355 26 2156 2156 9192 4294957675 0 0 0 0 0
r 13525 27 2163 2163 11355 4294959838 0 0 0 0 0
r 15702 28 2170 2170 13525 4294962008 0 0 0 0 0
r 17886 29 2177 2177 15702 4294964185 0 0 0 0 0
r 20077 0 2184 2184 17886 0 0 0 0 0 0
r 22275 1 2191 2191 20077 2191 0 0 0 0 0
r 24480 2 2198 2198 22275 4389 0 0 0 0 0
r 26692 3 2205 2205 24480 6594 0 0 0 0 0
r 28911 4 2212 2212 26692 8806 0 0 0 0 0
r 31137 5 2219 2219 28911 11025 0 0 0 0 0
r 600 6 2226 2226 31137 13251 0 0 0 0 0
r 2838 7 2231 2231 600 15482 0 0 0 0 0
r 5083 8 2238 2238 2838 17720 0 0 0 0 0
r 7335 9 2245 2245 5083 19965 0 0 0 0 0
r 9594 10 2252 2252 7335 22217 0 0 0 0 0
r 11860 11 2259 2259 9594 24476 0 0 0 0 0
r 14133 12 2266 2266 11860 26742 0 0 0 0 0
r 16413 13 2273 2273 14133 29015 0 0 0 0 0
r 18700 14 2280 2280 16413 31295 0 0 0 0 0
r 20994 15 2287 2287 18700 4294935342 0 0 0 0 0
r 23295 16 2294 2294 20994 4294937636 0 0 0 0 0
r 25603 17 2301 2301 23295 4294939937 0 0 0 0 0
r 27918 18 2308 2308 25603 4294942245 0 0 0 0 0
r 30240 19 2315 2315 27918 4294944560 0 0 0 0 0
r 32569 20 2322 2322 30240 4294946882 0 0 0 0 0
r 2140 21 2329 2329 32569 4294949211 0 0 0 0 0
r 4486 22 2339 2339 2140 4294951550 0 0 0 0 0
r 6812 23 2346 2346 4486 4294953896 0 0 0 0 0
r 9118 24 2326 2326 6812 4294956222 0 0 0 0 0
r 11404 25 2306 2306 9118 4294958528 0 0 0 0 0
r 13670 26 2286 2286 11404 4294960814 0 0 0 0 0
r 15916 27 2266 2266 13670 4294963080 0 0 0 0 0
r 18142 28 2246 2246 15916 4294965326 0 0 0 0 0
r 20348 29 2226 2226 18142 256 0 0 0 0 0
r 22534 0 2206 2206 20348 0 0 0 0 0 0
r 24700 1 2186 2186 22534 2186 0 0 0 0 0
r 26846 2 2166 2166 24700 4352 0 0 0 0 0
r 28972 3 2146 2146 26846 6498 0 0 0 0 0
r 31078 4 2126 2126 28972 8624 0 0 0 0 0
r 430 5 2106 2106 31078 10730 0 0 0 0 0
r 2530 6 2120 2120 430 12850 0 0 0 0 0
r 4610 7 2100 2100 2530 14950 0 0 0 0 0
r 8777 8 2080 2080 4610 17030 0 0 0 0 0
r 10867 9 4167 4167 8777 21197 0 0 0 0 0
r 12938 10 2090 2090 10867 23287 0 0 0 0 0
r 14988 11 2071 2071 12938 25358 0 0 0 0 0
r 17019 12 2050 2050 14988 27408 0 0 0 0 0
r 19029 13 2031 2031 17019 29439 0 0 0 0 0
r 21020 14 2010 2010 19029 31449 0 0 0 0 0
r 22990 15 1991 1991 21020 4294935200 0 0 0 0 0
r 24941 16 1970 1970 22990 4294937170 0 0 0 0 0
r 26871 17 1951 1951 24941 4294939121 0 0 0 0 0
r 28782 18 1930 1930 26871 4294941051 0 0 0 0 0
r 30672 19 1911 1911 28782 4294942962 0 0 0 0 0
r 32543 20 1890 1890 30672 4294944852 0 0 0 0 0
r 1650 21 1871 1871 32543 4294946723 0 0 0 0 0
r 3505 22 1875 1875 1650 4294948598 0 0 0 0 0
r 5340 23 1855 1855 3505 4294950453 0 0 0 0 0
r 7155 24 1835 1835 5340 4294952288 0 0 0 0 0
r 8950 25 1815 1815 7155 4294954103 0 0 0 0 0
r 10725 26 1795 1795 8950 4294955898 0 0 0 0 0
r 12480 27 1775 1775 10725 4294957673 0 0 0 0 0
r 14215 28 1755 1755 12480 4294959428 0 0 0 0 0
r 15930 29 1735 1735 14215 4294961163 0 0 0 0 0
r 17625 0 1715 1715 15930 0 0 0 0 0 0
r 19300 1 1695 1695 17625 1695 0 0 0 0 0
r 20955 2 1675 1675 19300 3370 0 0 0 0 0
r 22590 3 1655 1655 20955 5025 0 0 0 0 0
r 24205 4 1635 1635 22590 6660 0 0 0 0 0
r 25800 5 1615 1615 24205 8275 0 0 0 0 0
r 27375 6 1595 1595 25800 9870 0 0 0 0 0
r 28930 7 1575 1575 27375 11445 0 0 0 0 0
r 30465 8 1555 1555 28930 13000 0 0 0 0 0
r 31980 9 1535 1535 30465 14535 0 0 0 0 0
r 720 10 1515 1515 31980 16050 0 0 0 0 0
r 2208 11 1508 1508 720 17558 0 0 0 0 0
r 3676 12 1488 1488 2208 19046 0 0 0 0 0
r 5124 13 1468 1468 3676 20514 0 0 0 0 0
r 6552 14 1448 1448 5124 21962 0 0 0 0 0
r 7960 15 1428 1428 6552 23390 0 0 0 0 0
r 9371 16 1408 1408 7960 24798 0 0 0 0 0
r 10785 17 1411 1411 9371 26209 0 0 0 0 0
r 12202 18 1414 1414 10785 27623 0 0 0 0 0
r 13622 19 1417 1417 12202 29040 0 0 0 0 0
r 15045 20 1420 1420 13622 30460 0 0 0 0 0
r 16471 21 1423 1423 15045 31883 0 0 0 0 0
r 17900 22 1426 1426 16471 4294935069 0 0 0 0 0
r 19332 23 1429 1429 17900 4294936498 0 0 0 0 0
r 20767 24 1432 1432 19332 4294937930 0 0 0 0 0
r 22205 25 1435 1435 20767 4294939365 0 0 0 0 0
r 23646 26 1438 1438 22205 4294940803 0 0 0 0 0
r 25090 27 1441 1441 23646 4294942244 0 0 0 0 0
r 26537 28 1444 1444 25090 4294943688 0 0 0 0 0
r 27987 29 1447 1447 26537 4294945135 0 0 0 0 0
r 29440 0 1450 1450 27987 0 0 0 0 0 0
r 30896 1 1453 1453 29440 1453 0 0 0 0 0
r 32355 2 1456 1456 30896 2909 0 0 0 0 0
r 1050 3 1459 1459 32355 4368 0 0 0 0 0
r 2516 4 1463 1463 1050 5831 0 0 0 0 0
r 3985 5 1466 1466 2516 7297 0 0 0 0 0
r 5457 6 1469 1469 3985 8766 0 0 0 0 0
r 6932 7 1472 1472 5457 10238 0 0 0 0 0
r 9889 8 1475 1475 6932 11713 0 0 0 0 0
r 11374 9 2957 2957 9889 14670 0 0 0 0 0
r 12863 10 1485 1485 11374 16155 0 0 0 0 0
r 14354 11 1489 1489 12863 17644 0 0 0 0 0
r 15849 12 1491 1491 14354 19135 0 0 0 0 0
r 17346 13 1495 1495 15849 20630 0 0 0 0 0
r 18847 14 1497 1497 17346 22127 0 0 0 0 0
r 20350 15 1501 1501 18847 23628 0 0 0 0 0
r 21857 16 1503 1503 20350 25131 0 0 0 0 0
r 23366 17 1507 1507 21857 26638 0 0 0 0 0
r 24879 18 1509 1509 23366 28147 0 0 0 0 0
r 26394 19 1513 1513 24879 29660 0 0 0 0 0
r 27913 20 1515 1515 26394 31175 0 0 0 0 0
r 29434 21 1519 1519 27913 32694 0 0 0 0 0
r 30959 22 1521 1521 29434 4294935975 0 0 0 0 0
r 32486 23 1525 1525 30959 4294937500 0 0 0 0 0
r 1250 24 1527 1527 32486 4294939027 0 0 0 0 0
r 2784 25 1532 1532 1250 4294940559 0 0 0 0 0
r 4322 26 1534 1534 2784 4294942093 0 0 0 0 0
r 5862 27 1538 1538 4322 4294943631 0 0 0 0 0
r 7406 28 1540 1540 5862 4294945171 0 0 0 0 0
r 8952 29 1544 1544 7406 4294946715 0 0 0 0 0
r 10502 0 1546 1546 8952 0 0 0 0 0 0
r 12054 1 1550 1550 10502 1550 0 0 0 0 0
r 13610 2 1552 1552 12054 3102 0 0 0 0 0
r 15168 3 1556 1556 13610 4658 0 0 0 0 0
r 16730 4 1558 1558 15168 6216 0 0 0 0 0
r 18294 5 1562 1562 16730 7778 0 0 0 0 0
r 19862 6 1564 1564 18294 9342 0 0 0 0 0
r 21432 7 1568 1568 19862 10910 0 0 0 0 0
r 23006 8 1570 1570 21432 12480 0 0 0 0 0
r 24582 9 1574 1574 23006 14054 0 0 0 0 0
r 26162 10 1576 1576 24582 15630 0 0 0 0 0
r 27744 11 1580 1580 26162 17210 0 0 0 0 0
r 29330 12 1582 1582 27744 18792 0 0 0 0 0
r 30918 13 1586 1586 29330 20378 0 0 0 0 0
r 32510 14 1588 1588 30918 21966 0 0 0 0 0
r 1340 15 1592 1592 32510 23558 0 0 0 0 0
r 2941 16 1598 1598 1340 25156 0 0 0 0 0
r 4545 17 1601 1601 2941 26757 0 0 0 0 0
r 6152 18 1604 1604 4545 28361 0 0 0 0 0
r 7762 19 1607 1607 6152 29968 0 0 0 0 0
r 9375 20 1610 1610 7762 31578 0 0 0 0 0
r 10991 21 1613 1613 9375 4294934951 0 0 0 0 0
r 12610 22 1616 1616 10991 4294936567 0 0 0 0 0
r 14232 23 1619 1619 12610 4294938186 0 0 0 0 0
r 15857 24 1622 1622 14232 4294939808 0 0 0 0 0
r 17485 25 1625 1625 15857 4294941433 0 0 0 0 0
r 19116 26 1628 1628 17485 4294943061 0 0 0 0 0
r 20750 27 1631 1631 19116 4294944692 0 0 0 0 0
r 22387 28 1634 1634 20750 4294946326 0 0 0 0 0
r 24027 29 1637 1637 22387 4294947963 0 0 0 0 0
r 25670 0 1640 1640 24027 0 0 0 0 0 0
r 27316 1 1643 1643 25670 1643 0 0 0 0 0
r 28965 2 1646 1646 27316 3289 0 0 0 0 0
r 30617 3 1649 1649 28965 4938 0 0 0 0 0
r 32272 4 1652 1652 30617 6590 0 0 0 0 0
r 1160 5 1655 1655 32272 8245 0 0 0 0 0
r 2819 6 1656 1656 1160 9901 0 0 0 0 0
r 4481 7 1659 1659 2819 11560 0 0 0 0 0
r 7812 8 1662 1662 4481 13222 0 0 0 0 0
r 9484 9 3331 3331 7812 16553 0 0 0 0 0
r 11160 10 1672 1672 9484 18225 0 0 0 0 0
r 12838 11 1676 1676 11160 19901 0 0 0 0 0
r 14520 12 1678 1678 12838 21579 0 0 0 0 0
r 16204 13 1682 1682 14520 23261 0 0 0 0 0
r 17892 14 1684 1684 16204 24945 0 0 0 0 0
r 19582 15 1688 1688 17892 26633 0 0 0 0 0
r 21276 16 1690 1690 19582 28323 0 0 0 0 0
r 22972 17 1694 1694 21276 30017 0 0 0 0 0
r 24672 18 1696 1696 22972 31713 0 0 0 0 0
r 26374 19 1700 1700 24672 4294935173 0 0 0 0 0
r 28080 20 1702 1702 26374 4294936875 0 0 0 0 0
r 29788 21 1706 1706 28080 4294938581 0 0 0 0 0
r 31500 22 1708 1708 29788 4294940289 0 0 0 0 0
r 450 23 1712 1712 31500 4294942001 0 0 0 0 0
r 2171 24 1718 1718 450 4294943719 0 0 0 0 0
r 3895 25 1721 1721 2171 4294945440 0 0 0 0 0
r 5622 26 1724 1724 3895 4294947164 0 0 0 0 0
r 7352 27 1727 1727 5622 4294948891 0 0 0 0 0
r 9085 28 1730 1730 7352 4294950621 0 0 0 0 0
r 10821 29 1733 1733 9085 4294952354 0 0 0 0 0
r 12560 0 1736 1736 10821 0 0 0 0 0 0
r 14302 1 1739 1739 12560 1739 0 0 0 0 0
r 16047 2 1742 1742 14302 3481 0 0 0 0 0
r 17795 3 1745 1745 16047 5226 0 0 0 0 0
r 19546 4 1748 1748 17795 6974 0 0 0 0 0
r 21300 5 1751 1751 19546 8725 0 0 0 0 0
r 23057 6 1754 1754 21300 10479 0 0 0 0 0
r 24817 7 1757 1757 23057 12236 0 0 0 0 0
r 26580 8 1760 1760 24817 13996 0 0 0 0 0
r 28346 9 1763 1763 26580 15759 0 0 0 0 0
r 30115 10 1766 1766 28346 17525 0 0 0 0 0
r 31887 11 1769 1769 30115 19294 0 0 0 0 0
r 900 12 1772 1772 31887 21066 0 0 0 0 0
r 2684 13 1781 1781 900 22847 0 0 0 0 0
r 4471 14 1784 1784 2684 24631 0 0 0 0 0
r 6261 15 1787 1787 4471 26418 0 0 0 0 0
r 8054 16 1790 1790 6261 28208 0 0 0 0 0
r 9850 17 1793 1793 8054 30001 0 0 0 0 0
r 11649 18 1796 1796 9850 31797 0 0 0 0 0
r 13451 19 1799 1799 11649 4294935356 0 0 0 0 0
r 15256 20 1802 1802 13451 4294937158 0 0 0 0 0
r 17064 21 1805 1805 15256 4294938963 0 0 0 0 0
r 18875 22 1808 1808 17064 4294940771 0 0 0 0 0
r 20689 23 1811 1811 18875 4294942582 0 0 0 0 0
r 22503 24 1814 1814 20689 4294944396 0 0 0 0 0
r 24317 25 1814 1814 22503 4294946210 0 0 0 0 0
r 26131 26 1814 1814 24317 4294948024 0 0 0 0 0
r 27945 27 1814 1814 26131 4294949838 0 0 0 0 0
r 29759 28 1814 1814 27945 4294951652 0 0 0 0 0
r 31573 29 1814 1814 29759 4294953466 0 0 0 0 0
r 620 0 1814 1814 31573 0 0 0 0 0 0
r 2435 1 1815 1815 620 1815 0 0 0 0 0
r 4250 2 1815 1815 2435 3630 0 0 0 0 0
r 6065 3 1815 1815 4250 5445 0 0 0 0 0
r 7880 4 1815 1815 6065 7260 0 0 0 0 0
r 9695 5 1815 1815 7880 9075 0 0 0 0 0
r 11510 6 1815 1815 9695 10890 0 0 0 0 0
r 13325 7 1815 1815 11510 12705 0 0 0 0 0
r 16962 8 1815 1815 13325 14520 0 0 0 0 0
r 18787 9 3637 3637 16962 18157 0 0 0 0 0
r 20613 10 1825 1825 18787 19982 0 0 0 0 0
r 22438 11 1826 1826 20613 21808 0 0 0 0 0
r 24264 12 1825 1825 22438 23633 0 0 0 0 0
r 26089 13 1826 1826 24264 25459 0 0 0 0 0
r 27915 14 1825 1825 26089 27284 0 0 0 0 0
r 29740 15 1826 1826 27915 29110 0 0 0 0 0
r 31566 16 1825 1825 29740 30935 0 0 0 0 0
r 620 17 1826 1826 31566 32761 0 0 0 0 0
r 2442 18 1822 1822 620 4294936343 0 0 0 0 0
r 4264 19 1822 1822 2442 4294938165 0 0 0 0 0
r 123 20 1822 1822 4264 4294939987 0 0 0 0 0
r 456 21 1822 1822 123 4294941809 0 0 0 0 0
r 796 22 333 333 456 4294942142 0 0 0 0 0
r 1143 23 340 340 796 4294942482 0 0 0 0 0
r 1497 24 347 347 1143 4294942829 0 0 0 0 0
r 1858 25 354 354 1497 4294943183 0 0 0 0 0
r 2226 26 361 361 1858 4294943544 0 0 0 0 0
r 2601 27 368 368 2226 4294943912 0 0 0 0 0
r 3358 28 375 375 2601 4294944287 0 0 0 0 0
r 3743 29 757 757 3358 4294945044 0 0 0 0 0
r 4136 0 385 385 3743 0 0 0 0 0 0
r 4535 1 393 393 4136 393 0 0 0 0 0
r 4942 2 399 399 4535 792 0 0 0 0 0
r 5355 3 407 407 4942 1199 0 0 0 0 0
r 5776 4 413 413 5355 1612 0 0 0 0 0
r 6203 5 421 421 5776 2033 0 0 0 0 0
r 6638 6 427 427 6203 2460 0 0 0 0 0
r 7079 7 435 435 6638 2895 0 0 0 0 0
r 7528 8 441 441 7079 3336 0 0 0 0 0
r 7983 9 449 449 7528 3785 0 0 0 0 0
r 8446 10 455 455 7983 4240 0 0 0 0 0
r 8915 11 463 463 8446 4703 0 0 0 0 0
r 9392 12 469 469 8915 5172 0 0 0 0 0
r 9875 13 477 477 9392 5649 0 0 0 0 0
r 10366 14 483 483 9875 6132 0 0 0 0 0
r 10863 15 491 491 10366 6623 0 0 0 0 0
r 11368 16 497 497 10863 7120 0 0 0 0 0
r 11879 17 505 505 11368 7625 0 0 0 0 0
r 12398 18 511 511 11879 8136 0 0 0 0 0
r 12923 19 519 519 12398 8655 0 0 0 0 0
r 13456 20 525 525 12923 9180 0 0 0 0 0
r 13995 21 533 533 13456 9713 0 0 0 0 0
r 14542 22 539 539 13995 10252 0 0 0 0 0
r 15095 23 547 547 14542 10799 0 0 0 0 0
r 15656 24 553 553 15095 11352 0 0 0 0 0
r 16223 25 561 561 15656 11913 0 0 0 0 0
r 16798 26 567 567 16223 12480 0 0 0 0 0
r 17379 27 575 575 16798 13055 0 0 0 0 0
r 17968 28 581 581 17379 13636 0 0 0 0 0
r 18563 29 589 589 17968 14225 0 0 0 0 0
r 19166 0 595 595 18563 0 0 0 0 0 0
r 19775 1 603 603 19166 603 0 0 0 0 0
r 20392 2 609 609 19775 1212 0 0 0 0 0
r 21015 3 617 617 20392 1829 0 0 0 0 0
r 21646 4 623 623 21015 2452 0 0 0 0 0
r 22283 5 631 631 21646 3083 0 0 0 0 0
r 22928 6 637 637 22283 3720 0 0 0 0 0
r 23579 7 645 645 22928 4365 0 0 0 0 0
r 24238 8 651 651 23579 5016 0 0 0 0 0
r 24903 9 659 659 24238 5675 0 0 0 0 0
r 25576 10 665 665 24903 6340 0 0 0 0 0
r 26255 11 673 673 25576 7013 0 0 0 0 0
r 26942 12 679 679 26255 7692 0 0 0 0 0
r 27635 13 687 687 26942 8379 0 0 0 0 0
r 28336 14 693 693 27635 9072 0 0 0 0 0
r 29043 15 701 701 28336 9773 0 0 0 0 0
r 29758 16 707 707 29043 10480 0 0 0 0 0
r 30479 17 715 715 29758 11195 0 0 0 0 0
r 31208 18 721 721 30479 11916 0 0 0 0 0
r 31943 19 729 729 31208 12645 0 0 0 0 0
r 32686 20 735 735 31943 13380 0 0 0 0 0
r 668 21 743 743 32686 14123 0 0 0 0 0
r 1425 22 750 750 668 14873 0 0 0 0 0
r 2189 23 757 757 1425 15630 0 0 0 0 0
r 2960 24 764 764 2189 16394 0 0 0 0 0
r 3738 25 771 771 2960 17165 0 0 0 0 0
r 4523 26 778 778 3738 17943 0 0 0 0 0
r 5315 27 785 785 4523 18728 0 0 0 0 0
r 6906 28 792 792 5315 19520 0 0 0 0 0
r 7708 29 1591 1591 6906 21111 0 0 0 0 0
r 8518 0 802 802 7708 0 0 0 0 0 0
r 9334 1 810 810 8518 810 0 0 0 0 0
r 10158 2 816 816 9334 1626 0 0 0 0 0
r 10988 3 824 824 10158 2450 0 0 0 0 0
r 11826 4 830 830 10988 3280 0 0 0 0 0
r 12670 5 838 838 11826 4118 0 0 0 0 0
r 13522 6 844 844 12670 4962 0 0 0 0 0
r 14380 7 852 852 13522 5814 0 0 0 0 0
r 15246 8 858 858 14380 6672 0 0 0 0 0
r 16118 9 866 866 15246 7538 0 0 0 0 0
r 16998 10 872 872 16118 8410 0 0 0 0 0
r 17884 11 880 880 16998 9290 0 0 0 0 0
r 18778 12 886 886 17884 10176 0 0 0 0 0
r 19678 13 894 894 18778 11070 0 0 0 0 0
r 20586 14 900 900 19678 11970 0 0 0 0 0
r 21500 15 908 908 20586 12878 0 0 0 0 0
r 22422 16 914 914 21500 13792 0 0 0 0 0
r 23350 17 922 922 22422 14714 0 0 0 0 0
r 24286 18 928 928 23350 15642 0 0 0 0 0
r 25228 19 936 936 24286 16578 0 0 0 0 0
r 26178 20 942 942 25228 17520 0 0 0 0 0
r 27134 21 950 950 26178 18470 0 0 0 0 0
r 28098 22 956 956 27134 19426 0 0 0 0 0
r 29068 23 964 964 28098 20390 0 0 0 0 0
r 30046 24 970 970 29068 21360 0 0 0 0 0
r 31030 25 978 978 30046 22338 0 0 0 0 0
r 32022 26 984 984 31030 23322 0 0 0 0 0
r 250 27 992 992 32022 24314 0 0 0 0 0
r 1253 28 996 996 250 25310 0 0 0 0 0
r 2263 29 1003 1003 1253 26313 0 0 0 0 0
r 3280 0 1010 1010 2263 0 0 0 0 0 0
r 4304 1 1017 1017 3280 1017 0 0 0 0 0
r 5335 2 1024 1024 4304 2041 0 0 0 0 0
r 6373 3 1031 1031 5335 3072 0 0 0 0 0
r 7418 4 1038 1038 6373 4110 0 0 0 0 0
r 8470 5 1045 1045 7418 5155 0 0 0 0 0
r 9529 6 1052 1052 8470 6207 0 0 0 0 0
r 10595 7 1059 1059 9529 7266 0 0 0 0 0
r 11668 8 1066 1066 10595 8332 0 0 0 0 0
r 12748 9 1073 1073 11668 9405 0 0 0 0 0
r 13835 10 1080 1080 12748 10485 0 0 0 0 0
r 14929 11 1087 1087 13835 11572 0 0 0 0 0
r 16030 12 1094 1094 14929 12666 0 0 0 0 0
r 17138 13 1101 1101 16030 13767 0 0 0 0 0
r 18253 14 1108 1108 17138 14875 0 0 0 0 0
r 19375 15 1115 1115 18253 15990 0 0 0 0 0
r 20504 16 1122 1122 19375 17112 0 0 0 0 0
r 21640 17 1129 1129 20504 18241 0 0 0 0 0
r 22783 18 1136 1136 21640 19377 0 0 0 0 0
r 23933 19 1143 1143 22783 20520 0 0 0 0 0
r 25090 20 1150 1150 23933 21670 0 0 0 0 0
r 26254 21 1157 1157 25090 22827 0 0 0 0 0
r 27425 22 1164 1164 26254 23991 0 0 0 0 0
r 28603 23 1171 1171 27425 25162 0 0 0 0 0
r 29788 24 1178 1178 28603 26340 0 0 0 0 0
r 30980 25 1185 1185 29788 27525 0 0 0 0 0
r 32179 26 1192 1192 30980 28717 0 0 0 0 0
r 620 27 1199 1199 32179 29916 0 0 0 0 0
r 3045 28 1209 1209 620 31125 0 0 0 0 0
r 4264 29 2425 2425 3045 4294935310 0 0 0 0 0
r 5491 0 1219 1219 4264 0 0 0 0 0 0
r 6724 1 1227 1227 5491 1227 0 0 0 0 0
r 7965 2 1233 1233 6724 2460 0 0 0 0 0
r 9212 3 1241 1241 7965 3701 0 0 0 0 0
r 10467 4 1247 1247 9212 4948 0 0 0 0 0
r 11728 5 1255 1255 10467 6203 0 0 0 0 0
r 12997 6 1261 1261 11728 7464 0 0 0 0 0
r 14272 7 1269 1269 12997 8733 0 0 0 0 0
r 15555 8 1275 1275 14272 10008 0 0 0 0 0
r 16844 9 1283 1283 15555 11291 0 0 0 0 0
r 18141 10 1289 1289 16844 12580 0 0 0 0 0
r 19444 11 1297 1297 18141 13877 0 0 0 0 0
r 20755 12 1303 1303 19444 15180 0 0 0 0 0
r 22072 13 1311 1311 20755 16491 0 0 0 0 0
r 23397 14 1317 1317 22072 17808 0 0 0 0 0
r 24728 15 1325 1325 23397 19133 0 0 0 0 0
r 26067 16 1331 1331 24728 20464 0 0 0 0 0
r 27412 17 1339 1339 26067 21803 0 0 0 0 0
r 28765 18 1345 1345 27412 23148 0 0 0 0 0
r 30124 19 1353 1353 28765 24501 0 0 0 0 0
r 31491 20 1359 1359 30124 25860 0 0 0 0 0
r 100 21 1367 1367 31491 27227 0 0 0 0 0
r 1484 22 1377 1377 100 28604 0 0 0 0 0
r 2875 23 1384 1384 1484 29988 0 0 0 0 0
r 4273 24 1391 1391 2875 31379 0 0 0 0 0
r 5678 25 1398 1398 4273 4294934537 0 0 0 0 0
r 7090 26 1405 1405 5678 4294935942 0 0 0 0 0
r 8509 27 1412 1412 7090 4294937354 0 0 0 0 0
r 9935 28 1419 1419 8509 4294938773 0 0 0 0 0
r 11368 29 1426 1426 9935 4294940199 0 0 0 0 0
r 12808 0 1433 1433 11368 0 0 0 0 0 0
r 14255 1 1440 1440 12808 1440 0 0 0 0 0
r 15709 2 1447 1447 14255 2887 0 0 0 0 0
r 17170 3 1454 1454 15709 4341 0 0 0 0 0
r 18638 4 1461 1461 17170 5802 0 0 0 0 0
r 20113 5 1468 1468 18638 7270 0 0 0 0 0
r 21595 6 1475 1475 20113 8745 0 0 0 0 0
r 23084 7 1482 1482 21595 10227 0 0 0 0 0
r 24580 8 1489 1489 23084 11716 0 0 0 0 0
r 26083 9 1496 1496 24580 13212 0 0 0 0 0
r 27593 10 1503 1503 26083 14715 0 0 0 0 0
r 29110 11 1510 1510 27593 16225 0 0 0 0 0
r 30634 12 1517 1517 29110 17742 0 0 0 0 0
r 32165 13 1524 1524 30634 19266 0 0 0 0 0
r 930 14 1531 1531 32165 20797 0 0 0 0 0
r 2470 15 1533 1533 930 22330 0 0 0 0 0
r 4017 16 1540 1540 2470 23870 0 0 0 0 0
r 5571 17 1547 1547 4017 25417 0 0 0 0 0
r 7132 18 1554 1554 5571 26971 0 0 0 0 0
r 8700 19 1561 1561 7132 28532 0 0 0 0 0
r 10275 20 1568 1568 8700 30100 0 0 0 0 0
r 11857 21 1575 1575 10275 31675 0 0 0 0 0
r 13446 22 1582 1582 11857 4294935017 0 0 0 0 0
r 15042 23 1589 1589 13446 4294936606 0 0 0 0 0
r 16645 24 1596 1596 15042 4294938202 0 0 0 0 0
r 18255 25 1603 1603 16645 4294939805 0 0 0 0 0
r 19872 26 1610 1610 18255 4294941415 0 0 0 0 0
r 21496 27 1617 1617 19872 4294943032 0 0 0 0 0
r 24751 28 1624 1624 21496 4294944656 0 0 0 0 0
r 26385 29 3255 3255 24751 4294947911 0 0 0 0 0
r 28027 0 1634 1634 26385 0 0 0 0 0 0
r 29675 1 1642 1642 28027 1642 0 0 0 0 0
r 31331 2 1648 1648 29675 3290 0 0 0 0 0
r 230 3 1656 1656 31331 4946 0 0 0 0 0
r 1904 4 1667 1667 230 6613 0 0 0 0 0
r 3585 5 1674 1674 1904 8287 0 0 0 0 0
r 5273 6 1681 1681 3585 9968 0 0 0 0 0
r 6968 7 1688 1688 5273 11656 0 0 0 0 0
r 8670 8 1695 1695 6968 13351 0 0 0 0 0
r 10379 9 1702 1702 8670 15053 0 0 0 0 0
r 12095 10 1709 1709 10379 16762 0 0 0 0 0
r 13818 11 1716 1716 12095 18478 0 0 0 0 0
r 15548 12 1723 1723 13818 20201 0 0 0 0 0
r 17285 13 1730 1730 15548 21931 0 0 0 0 0
r 19029 14 1737 1737 17285 23668 0 0 0 0 0
r 20780 15 1744 1744 19029 25412 0 0 0 0 0
r 22538 16 1751 1751 20780 27163 0 0 0 0 0
r 24303 17 1758 1758 22538 28921 0 0 0 0 0
r 26075 18 1765 1765 24303 30686 0 0 0 0 0
r 27854 19 1772 1772 26075 32458 0 0 0 0 0
r 29640 20 1779 1779 27854 4294935997 0 0 0 0 0
r 31433 21 1786 1786 29640 4294937783 0 0 0 0 0
r 460 22 1793 1793 31433 4294939576 0 0 0 0 0
r 2262 23 1795 1795 460 4294941371 0 0 0 0 0
r 4071 24 1802 1802 2262 4294943173 0 0 0 0 0
r 5887 25 1809 1809 4071 4294944982 0 0 0 0 0
r 7710 26 1816 1816 5887 4294946798 0 0 0 0 0
r 9540 27 1823 1823 7710 4294948621 0 0 0 0 0
r 11377 28 1830 1830 9540 4294950451 0 0 0 0 0
r 13221 29 1837 1837 11377 4294952288 0 0 0 0 0
r 15072 0 1844 1844 13221 0 0 0 0 0 0
r 16930 1 1851 1851 15072 1851 0 0 0 0 0
r 18795 2 1858 1858 16930 3709 0 0 0 0 0
r 20667 3 1865 1865 18795 5574 0 0 0 0 0
r 22546 4 1872 1872 20667 7446 0 0 0 0 0
r 24432 5 1879 1879 22546 9325 0 0 0 0 0
r 26325 6 1886 1886 24432 11211 0 0 0 0 0
r 28225 7 1893 1893 26325 13104 0 0 0 0 0
r 30132 8 1900 1900 28225 15004 0 0 0 0 0
r 32046 9 1907 1907 30132 16911 0 0 0 0 0
r 1200 10 1914 1914 32046 18825 0 0 0 0 0
r 3129 11 1922 1922 1200 20747 0 0 0 0 0
r 5065 12 1929 1929 3129 22676 0 0 0 0 0
r 7008 13 1936 1936 5065 24612 0 0 0 0 0
r 8958 14 1943 1943 7008 26555 0 0 0 0 0
r 10915 15 1950 1950 8958 28505 0 0 0 0 0
r 12879 16 1957 1957 10915 30462 0 0 0 0 0
r 14850 17 1964 1964 12879 32426 0 0 0 0 0
r 16828 18 1971 1971 14850 4294936157 0 0 0 0 0
r 18813 19 1978 1978 16828 4294938135 0 0 0 0 0
r 20805 20 1985 1985 18813 4294940120 0 0 0 0 0
r 22804 21 1992 1992 20805 4294942112 0 0 0 0 0
r 24810 22 1999 1999 22804 4294944111 0 0 0 0 0
r 26823 23 2006 2006 24810 4294946117 0 0 0 0 0
r 28843 24 2013 2013 26823 4294948130 0 0 0 0 0
r 30870 25 2020 2020 28843 4294950150 0 0 0 0 0
r 130 26 2027 2027 30870 4294952177 0 0 0 0 0
r 2165 27 2028 2028 130 4294954205 0 0 0 0 0
r 6242 28 2035 2035 2165 4294956240 0 0 0 0 0
r 8287 29 4077 4077 6242 4294960317 0 0 0 0 0
r 10340 0 2045 2045 8287 0 0 0 0 0 0
r 12399 1 2053 2053 10340 2053 0 0 0 0 0
r 14466 2 2059 2059 12399 4112 0 0 0 0 0
r 16539 3 2067 2067 14466 6179 0 0 0 0 0
r 18620 4 2073 2073 16539 8252 0 0 0 0 0
r 20707 5 2081 2081 18620 10333 0 0 0 0 0
r 22802 6 2087 2087 20707 12420 0 0 0 0 0
r 24903 7 2095 2095 22802 14515 0 0 0 0 0
r 27012 8 2101 2101 24903 16616 0 0 0 0 0
r 29127 9 2109 2109 27012 18725 0 0 0 0 0
r 31250 10 2115 2115 29127 20840 0 0 0 0 0
r 610 11 2123 2123 31250 22963 0 0 0 0 0
r 2745 12 2128 2128 610 25091 0 0 0 0 0
r 4887 13 2135 2135 2745 27226 0 0 0 0 0
r 7036 14 2142 2142 4887 29368 0 0 0 0 0
r 9192 15 2149 2149 7036 31517 0 0 0 0 0
r 11355 16 2156 2156 9192 4294935433 0 0 0 0 0
r 13525 17 2163 2163 11355 4294937596 0 0 0 0 0
r 15702 18 2170 2170 13525 4294939766 0 0 0 0 0
r 17886 19 2177 2177 15702 4294941943 0 0 0 0 0
r 20077 20 2184 2184 17886 4294944127 0 0 0 0 0
r 22275 21 2191 2191 20077 4294946318 0 0 0 0 0
r 24480 22 2198 2198 22275 4294948516 0 0 0 0 0
r 26692 23 2205 2205 24480 4294950721 0 0 0 0 0
r 28911 24 2212 2212 26692 4294952933 0 0 0 0 0
r 31137 25 2219 2219 28911 4294955152 0 0 0 0 0
r 600 26 2226 2226 31137 4294957378 0 0 0 0 0
r 2838 27 2231 2231 600 4294959609 0 0 0 0 0
r 5083 28 2238 2238 2838 4294961847 0 0 0 0 0
r 7335 29 2245 2245 5083 4294964092 0 0 0 0 0
r 9594 0 2252 2252 7335 0 0 0 0 0 0
r 11860 1 2259 2259 9594 2259 0 0 0 0 0
r 14133 2 2266 2266 11860 4525 0 0 0 0 0
r 16413 3 2273 2273 14133 6798 0 0 0 0 0
r 18700 4 2280 2280 16413 9078 0 0 0 0 0
r 20994 5 2287 2287 18700 11365 0 0 0 0 0
r 23295 6 2294 2294 20994 13659 0 0 0 0 0
r 25603 7 2301 2301 23295 15960 0 0 0 0 0
r 27918 8 2308 2308 25603 18268 0 0 0 0 0
r 30240 9 2315 2315 27918 20583 0 0 0 0 0
r 32569 10 2322 2322 30240 22905 0 0 0 0 0
r 2140 11 2329 2329 32569 25234 0 0 0 0 0
r 4486 12 2339 2339 2140 27573 0 0 0 0 0
r 6812 13 2346 2346 4486 29919 0 0 0 0 0
r 9118 14 2326 2326 6812 32245 0 0 0 0 0
r 11404 15 2306 2306 9118 4294936311 0 0 0 0 0
r 13670 16 2286 2286 11404 4294938597 0 0 0 0 0
r 15916 17 2266 2266 13670 4294940863 0 0 0 0 0
r 18142 18 2246 2246 15916 4294943109 0 0 0 0 0
r 20348 19 2226 2226 18142 4294945335 0 0 0 0 0
r 22534 20 2206 2206 20348 4294947541 0 0 0 0 0
r 24700 21 2186 2186 22534 4294949727 0 0 0 0 0
r 26846 22 2166 2166 24700 4294951893 0 0 0 0 0
r 28972 23 2146 2146 26846 4294954039 0 0 0 0 0
r 31078 24 2126 2126 28972 4294956165 0 0 0 0 0
r 430 25 2106 2106 31078 4294958271 0 0 0 0 0
r 2530 26 2120 2120 430 4294960391 0 0 0 0 0
r 4610 27 2100 2100 2530 4294962491 0 0 0 0 0
r 8777 28 2080 2080 4610 4294964571 0 0 0 0 0
r 10867 29 4167 4167 8777 1442 0 0 0 0 0
r 12938 0 2090 2090 10867 0 0 0 0 0 0
r 14988 1 2071 2071 12938 2071 0 0 0 0 0
r 17019 2 2050 2050 14988 4121 0 0 0 0 0
r 19029 3 2031 2031 17019 6152 0 0 0 0 0
r 21020 4 2010 2010 19029 8162 0 0 0 0 0
r 22990 5 1991 1991 21020 10153 0 0 0 0 0
r 24941 6 1970 1970 22990 12123 0 0 0 0 0
r 26871 7 1951 1951 24941 14074 0 0 0 0 0
r 28782 8 1930 1930 26871 16004 0 0 0 0 0
r 30672 9 1911 1911 28782 17915 0 0 0 0 0
r 32543 10 1890 1890 30672 19805 0 0 0 0 0
r 1650 11 1871 1871 32543 21676 0 0 0 0 0
r 3505 12 1875 1875 1650 23551 0 0 0 0 0
r 5340 13 1855 1855 3505 25406 0 0 0 0 0
r 7155 14 1835 1835 5340 27241 0 0 0 0 0
r 8950 15 1815 1815 7155 29056 0 0 0 0 0
r 10725 16 1795 1795 8950 30851 0 0 0 0 0
r 12480 17 1775 1775 10725 32626 0 0 0 0 0
r 14215 18 1755 1755 12480 4294936141 0 0 0 0 0
r 15930 19 1735 1735 14215 4294937876 0 0 0 0 0
r 17625 20 1715 1715 15930 4294939591 0 0 0 0 0
r 19300 21 1695 1695 17625 4294941286 0 0 0 0 0
r 20955 22 1675 1675 19300 4294942961 0 0 0 0 0
r 22590 23 1655 1655 20955 4294944616 0 0 0 0 0
r 24205 24 1635 1635 22590 4294946251 0 0 0 0 0
r 25800 25 1615 1615 24205 4294947866 0 0 0 0 0
r 27375 26 1595 1595 25800 4294949461 0 0 0 0 0
r 28930 27 1575 1575 27375 4294951036 0 0 0 0 0
r 30465 28 1555 1555 28930 4294952591 0 0 0 0 0
r 31980 29 1535 1535 30465 4294954126 0 0 0 0 0
r 720 0 1515 1515 31980 0 0 0 0 0 0
r 2208 1 1508 1508 720 1508 0 0 0 0 0
r 3676 2 1488 1488 2208 2996 0 0 0 0 0
r 5124 3 1468 1468 3676 4464 0 0 0 0 0
r 6552 4 1448 1448 5124 5912 0 0 0 0 0
r 7960 5 1428 1428 6552 7340 0 0 0 0 0
r 9371 6 1408 1408 7960 8748 0 0 0 0 0
r 10785 7 1411 1411 9371 10159 0 0 0 0 0
r 12202 8 1414 1414 10785 11573 0 0 0 0 0
r 13622 9 1417 1417 12202 12990 0 0 0 0 0
r 15045 10 1420 1420 13622 14410 0 0 0 0 0
r 16471 11 1423 1423 15045 15833 0 0 0 0 0
r 17900 12 1426 1426 16471 17259 0 0 0 0 0
r 19332 13 1429 1429 17900 18688 0 0 0 0 0
r 20767 14 1432 1432 19332 20120 0 0 0 0 0
r 22205 15 1435 1435 20767 21555 0 0 0 0 0
r 23646 16 1438 1438 22205 22993 0 0 0 0 0
r 25090 17 1441 1441 23646 24434 0 0 0 0 0
r 26537 18 1444 1444 25090 25878 0 0 0 0 0
r 27987 19 1447 1447 26537 27325 0 0 0 0 0
r 29440 20 1450 1450 27987 28775 0 0 0 0 0
r 30896 21 1453 1453 29440 30228 0 0 0 0 0
r 32355 22 1456 1456 30896 31684 0 0 0 0 0
r 1050 23 1459 1459 32355 4294934903 0 0 0 0 0
r 2516 24 1463 1463 1050 4294936366 0 0 0 0 0
r 3985 25 1466 1466 2516 4294937832 0 0 0 0 0
r 5457 26 1469 1469 3985 4294939301 0 0 0 0 0
r 6932 27 1472 1472 5457 4294940773 0 0 0 0 0
r 9889 28 1475 1475 6932 4294942248 0 0 0 0 0
r 11374 29 2957 2957 9889 4294945205 0 0 0 0 0
r 12863 0 1485 1485 11374 0 0 0 0 0 0
r 14354 1 1489 1489 12863 1489 0 0 0 0 0
r 15849 2 1491 1491 14354 2980 0 0 0 0 0
r 17346 3 1495 1495 15849 4475 0 0 0 0 0
r 18847 4 1497 1497 17346 5972 0 0 0 0 0
r 20350 5 1501 1501 18847 7473 0 0 0 0 0
r 21857 6 1503 1503 20350 8976 0 0 0 0 0
r 23366 7 1507 1507 21857 10483 0 0 0 0 0
r 24879 8 1509 1509 23366 11992 0 0 0 0 0
r 26394 9 1513 1513 24879 13505 0 0 0 0 0
r 27913 10 1515 1515 26394 15020 0 0 0 0 0
r 29434 11 1519 1519 27913 16539 0 0 0 0 0
r 30959 12 1521 1521 29434 18060 0 0 0 0 0
r 32486 13 1525 1525 30959 19585 0 0 0 0 0
r 1250 14 1527 1527 32486 21112 0 0 0 0 0
r 2784 15 1532 1532 1250 22644 0 0 0 0 0
r 4322 16 1534 1534 2784 24178 0 0 0 0 0
r 5862 17 1538 1538 4322 25716 0 0 0 0 0
r 7406 18 1540 1540 5862 27256 0 0 0 0 0
r 8952 19 1544 1544 7406 28800 0 0 0 0 0
r 10502 20 1546 1546 8952 30346 0 0 0 0 0
r 12054 21 1550 1550 10502 31896 0 0 0 0 0
r 13610 22 1552 1552 12054 4294935208 0 0 0 0 0
r 15168 23 1556 1556 13610 4294936764 0 0 0 0 0
r 16730 24 1558 1558 15168 4294938322 0 0 0 0 0
r 18294 25 1562 1562 16730 4294939884 0 0 0 0 0
r 19862 26 1564 1564 18294 4294941448 0 0 0 0 0
r 21432 27 1568 1568 19862 4294943016 0 0 0 0 0
r 23006 28 1570 1570 21432 4294944586 0 0 0 0 0
r 24582 29 1574 1574 23006 4294946160 0 0 0 0 0
r 26162 0 1576 1576 24582 0 0 0 0 0 0
r 27744 1 1580 1580 26162 1580 0 0 0 0 0
r 29330 2 1582 1582 27744 3162 0 0 0 0 0
r 30918 3 1586 1586 29330 4748 0 0 0 0 0
r 32510 4 1588 1588 30918 6336 0 0 0 0 0
r 1340 5 1592 1592 32510 7928 0 0 0 0 0
r 2941 6 1598 1598 1340 9526 0 0 0 0 0
r 4545 7 1601 1601 2941 11127 0 0 0 0 0
r 6152 8 1604 1604 4545 12731 0 0 0 0 0
r 7762 9 1607 1607 6152 14338 0 0 0 0 0
r 9375 10 1610 1610 7762 15948 0 0 0 0 0
r 10991 11 1613 1613 9375 17561 0 0 0 0 0
r 12610 12 1616 1616 10991 19177 0 0 0 0 0
r 14232 13 1619 1619 12610 20796 0 0 0 0 0
r 15857 14 1622 1622 14232 22418 0 0 0 0 0
r 17485 15 1625 1625 15857 24043 0 0 0 0 0
r 19116 16 1628 1628 17485 25671 0 0 0 0 0
r 20750 17 1631 1631 19116 27302 0 0 0 0 0
r 22387 18 1634 1634 20750 28936 0 0 0 0 0
r 24027 19 1637 1637 22387 30573 0 0 0 0 0
r 25670 20 1640 1640 24027 32213 0 0 0 0 0
r 27316 21 1643 1643 25670 4294935616 0 0 0 0 0
r 28965 22 1646 1646 27316 4294937262 0 0 0 0 0
r 30617 23 1649 1649 28965 4294938911 0 0 0 0 0
r 32272 24 1652 1652 30617 4294940563 0 0 0 0 0
r 1160 25 1655 1655 32272 4294942218 0 0 0 0 0
r 2819 26 1656 1656 1160 4294943874 0 0 0 0 0
r 4481 27 1659 1659 2819 4294945533 0 0 0 0 0
r 7812 28 1662 1662 4481 4294947195 0 0 0 0 0
r 9484 29 3331 3331 7812 4294950526 0 0 0 0 0
r 11160 0 1672 1672 9484 0 0 0 0 0 0
r 12838 1 1676 1676 11160 1676 0 0 0 0 0
r 14520 2 1678 1678 12838 3354 0 0 0 0 0
r 16204 3 1682 1682 14520 5036 0 0 0 0 0
r 17892 4 1684 1684 16204 6720 0 0 0 0 0
r 19582 5 1688 1688 17892 8408 0 0 0 0 0
r 21276 6 1690 1690 19582 10098 0 0 0 0 0
r 22972 7 1694 1694 21276 11792 0 0 0 0 0
r 24672 8 1696 1696 22972 13488 0 0 0 0 0
r 26374 9 1700 1700 24672 15188 0 0 0 0 0
r 28080 10 1702 1702 26374 16890 0 0 0 0 0
r 29788 11 1706 1706 28080 18596 0 0 0 0 0
r 31500 12 1708 1708 29788 20304 0 0 0 0 0
r 450 13 1712 1712 31500 22016 0 0 0 0 0
r 2171 14 1718 1718 450 23734 0 0 0 0 0
r 3895 15 1721 1721 2171 25455 0 0 0 0 0
r 5622 16 1724 1724 3895 27179 0 0 0 0 0
r 7352 17 1727 1727 5622 28906 0 0 0 0 0
r 9085 18 1730 1730 7352 30636 0 0 0 0 0
r 10821 19 1733 1733 9085 32369 0 0 0 0 0
r 12560 20 1736 1736 10821 4294935865 0 0 0 0 0
r 14302 21 1739 1739 12560 4294937604 0 0 0 0 0
r 16047 22 1742 1742 14302 4294939346 0 0 0 0 0
r 17795 23 1745 1745 16047 4294941091 0 0 0 0 0
r 19546 24 1748 1748 17795 4294942839 0 0 0 0 0
r 21300 25 1751 1751 19546 4294944590 0 0 0 0 0
r 23057 26 1754 1754 21300 4294946344 0 0 0 0 0
r 24817 27 1757 1757 23057 4294948101 0 0 0 0 0
r 26580 28 1760 1760 24817 4294949861 0 0 0 0 0
r 28346 29 1763 1763 26580 4294951624 0 0 0 0 0
r 30115 0 1766 1766 28346 0 0 0 0 0 0
r 31887 1 1769 1769 30115 1769 0 0 0 0 0
r 900 2 1772 1772 31887 3541 0 0 0 0 0
r 2684 3 1781 1781 900 5322 0 0 0 0 0
r 4471 4 1784 1784 2684 7106 0 0 0 0 0
r 6261 5 1787 1787 4471 8893 0 0 0 0 0
r 8054 6 1790 1790 6261 10683 0 0 0 0 0
r 9850 7 1793 1793 8054 12476 0 0 0 0 0
r 11649 8 1796 1796 9850 14272 0 0 0 0 0
r 13451 9 1799 1799 11649 16071 0 0 0 0 0
r 15256 10 1802 1802 13451 17873 0 0 0 0 0
r 17064 11 1805 1805 15256 19678 0 0 0 0 0
r 18875 12 1808 1808 17064 21486 0 0 0 0 0
r 20689 13 1811 1811 18875 23297 0 0 0 0 0
r 22503 14 1814 1814 20689 25111 0 0 0 0 0
r 24317 15 1814 1814 22503 26925 0 0 0 0 0
r 26131 16 1814 1814 24317 28739 0 0 0 0 0
r 27945 17 1814 1814 26131 30553 0 0 0 0 0
r 29759 18 1814 1814 27945 32367 0 0 0 0 0
r 31573 19 1814 1814 29759 4294935941 0 0 0 0 0
r 620 20 1814 1814 31573 4294937755 0 0 0 0 0
r 2435 21 1815 1815 620 4294939570 0 0 0 0 0
r 4250 22 1815 1815 2435 4294941385 0 0 0 0 0
r 6065 23 1815 1815 4250 4294943200 0 0 0 0 0
r 7880 24 1815 1815 6065 4294945015 0 0 0 0 0
r 9695 25 1815 1815 7880 4294946830 0 0 0 0 0
r 11510 26 1815 1815 9695 4294948645 0 0 0 0 0
r 13325 27 1815 1815 11510 4294950460 0 0 0 0 0
r 16962 28 1815 1815 13325 4294952275 0 0 0 0 0
r 18787 29 3637 3637 16962 4294955912 0 0 0 0 0
r 20613 0 1825 1825 18787 0 0 0 0 0 0
r 22438 1 1826 1826 20613 1826 0 0 0 0 0
r 24264 2 1825 1825 22438 3651 0 0 0 0 0
r 26089 3 1826 1826 24264 5477 0 0 0 0 0
r 27915 4 1825 1825 26089 7302 0 0 0 0 0
r 29740 5 1826 1826 27915 9128 0 0 0 0 0
r 31566 6 1825 1825 29740 10953 0 0 0 0 0
r 620 7 1826 1826 31566 12779 0 0 0 0 0
r 2442 8 1822 1822 620 14601 0 0 0 0 0
r 4264 9 1822 1822 2442 16423 0 0 0 0 0
r 0 10 1822 1822 4264 18245 0 0 0 0 0
r 0 11 1822 1822 0 20067 0 0 0 0 0
r 0 12 1822 1822 0 21889 0 0 0 0 0
r 0 13 1822 1822 0 23711 0 0 0 0 0
r 0 14 1822 1822 0 25533 0 0 0 0 0
r 0 15 1822 1822 0 27355 0 0 0 0 0
r 0 16 1822 1822 0 29177 0 0 0 0 0
r 0 17 1822 1822 0 30999 0 0 0 0 0
r 0 18 1822 1822 0 4294934581 0 0 0 0 0
r 0 19 1822 1822 0 4294936403 0 0 0 0 0
r 0 20 1822 1822 0 4294938225 0 0 0 0 0
r 0 21 1822 1822 0 4294940047 0 0 0 0 0
r 0 22 1822 1822 0 4294941869 0 0 0 0 0
r 0 23 1822 1822 0 4294943691 0 0 0 0 0
r 0 24 1822 1822 0 4294945513 0 0 0 0 0
r 0 25 1822 1822 0 4294947335 0 0 0 0 0
r 0 26 1822 1822 0 4294949157 0 0 0 0 0
r 0 27 1822 1822 0 4294950979 0 0 0 0 0
r 0 28 1822 1822 0 4294952801 0 0 0 0 0
r 0 29 1822 1822 0 4294954623 0 0 0 0 0
r 0 0 1822 1822 0 0 0 0 0 0 0
r 0 1 1822 1822 0 1822 0 0 0 0 0
r 0 2 1822 1822 0 3644 0 0 0 0 0
r 0 3 1822 1822 0 5466 0 0 0 0 0
