0 0 999 9999 10 100 20 200 30 300 40 400 50 500 60 600
    70 700 80 800 90 900 100 1000 110 1100 120 1200 130 1300
    140 1400 150 1500 160 1600 170 1700 180 1800 190 1900 200 2000
    210 2100 220 2200 230 2300 240 2400 250 2500 260 2600 270 2700
    280 2800 290 2900 300 3000
    310 3100 320 3200 330 3300 340 3400 350 3500 360 3600 370 3700
    380 3800 390 3900 400 4000
    410 4100 420 4200 430 4300 440 4400 450 4500 460 4600 470 4700
    480 4800 490 4900 500 5000
    500 0 500 200 500 300
    500 400 500 500 500 600 500 700 500 800 500 900 500 1000
    500 1100 500 1200 500 1300
    500 1400 500 1500 500 1600 500 1700 500 1800 500 1900 500 2000
    500 2100 500 2200 500 2300 500 2400 500 2500 500 2600 500 2700
    500 2800 500 2900 500 3000
    500 3100 500 3200 500 3300 500 3400 500 3500 500 3600 500 3700
    500 3800 500 3900 500 4000
    500 4100 500 4200 500 4300 500 4400 500 4500 500 4600 500 4700
    500 4800 500 4900 500 5000
    160 0 160 200 160 300
    160 400 160 160 160 600 160 700 160 800 160 900 160 1000
    160 1100 160 1200 160 1300
    160 1400 160 1160 160 1600 160 1700 160 1800 160 1900 160 2000
    160 2100 160 2200 160 2300 160 2400 160 2160 160 2600 160 2700
    160 2800 160 2900 160 3000
    160 3100 160 3200 160 3300 160 3400 160 3160 160 3600 160 3700
    160 3800 160 3900 160 4000
    160 4100 160 4200 160 4300 160 4400 160 4160 160 4600 160 4700
    160 4800 160 4900 160 5000
    0 5000 20 5000 30 5000 40 5000 50 5000 60 5000
    70 5000 80 5000 90 5000 100 5000 110 5000 120 5000 130 5000
    140 5000 150 5000 160 5000 170 5000 180 5000 190 5000 200 5000
    210 5000 220 5000 230 5000 240 5000 250 5000 260 5000 270 5000
    280 5000 290 5000 300 5000
    310 5000 320 5000 330 5000 340 5000 350 5000 360 5000 370 5000
    380 5000 390 5000 400 5000
    410 5000 420 5000 430 5000 440 5000 450 5000 460 5000 470 5000
    480 5000 490 5000 500 5000
    160 2100 161 2100 162 2100 163 2100
    164 2100 165 2100 166 2100 167 2100 168 2100 169 2100 170 2100
    170 2101 170 2102 170 2103 170 2104 170 2105 170 2106 170 2107
    170 2108 170 2109 170 2110 170 2120 170 2130 170 2140 170 2150
    170 2160 170 2170 170 2180 170 2190 170 2200

