[278, 38, 186, 422, 266, 86, 10, 702, 374, 366, 710, 670, 106, 738, 30, 506, 554, 302, 354, 442, 766, 26, 154, 330, 238, 334, 182, 466, 42, 218, 290, 490]
[276, 36, 184, 420, 84, 264, 8, 700, 364, 372, 104, 736, 668, 708, 28, 504, 300, 552, 440, 352, 764, 152, 328, 24, 236, 332, 180, 464, 40, 288, 216, 488]
[136, 412, 428, 508, 716, 692, 476, 516, 312, 72, 380, 172, 568, 512, 292, 448, 688, 588, 188, 468, 212, 192, 408, 528, 32, 0, 424, 472, 304, 384, 160, 536]
[66, 546, 138, 414, 430, 510, 718, 298, 394, 694, 478, 518, 314, 402, 158, 126, 74, 382, 566, 174, 570, 514, 294, 450, 470, 190, 214, 410, 194, 34, 530, 118]
[142, 114, 438, 202, 494, 246, 286, 654, 486, 370, 434, 210, 78, 658, 606, 14, 630, 222, 734, 498, 378, 674, 446, 650, 350, 70, 18, 462, 730, 362, 746, 54]
[112, 140, 436, 200, 492, 244, 652, 284, 484, 368, 432, 208, 76, 656, 604, 12, 628, 220, 732, 496, 376, 672, 444, 648, 348, 68, 16, 460, 728, 360, 744, 456]
[277, 37, 265, 85, 185, 421, 9, 701, 365, 373, 709, 669, 105, 737, 29, 505, 301, 553, 353, 441, 765, 153, 329, 25, 237, 333, 181, 465, 41, 489, 289, 217]
[137, 413, 429, 509, 717, 693, 477, 517, 313, 381, 73, 173, 569, 513, 293, 449, 189, 469, 213, 529, 33, 409, 193, 689, 385, 1, 589, 425, 473, 305, 161, 537]
[704, 120, 712, 632, 396, 616, 60, 256, 480, 584, 308, 580, 404, 644, 740, 596, 164, 272, 500, 260, 280, 48, 132, 664, 760, 416, 684, 336, 748, 340, 4, 204]
[534, 230, 130, 758, 198, 94, 474, 426, 242, 254, 90, 682, 2, 690, 602, 226, 346, 318, 454, 326, 178, 102, 234, 562, 538, 638, 458, 82, 22, 590, 386, 306]
[64, 544, 392, 296, 156, 400, 124, 564, 228, 532, 196, 92, 680, 88, 116, 600, 224, 128, 756, 452, 560, 232, 636, 252, 240, 620, 316, 344, 20, 168, 324, 176]
[141, 113, 201, 437, 493, 245, 369, 485, 653, 285, 433, 209, 77, 13, 629, 657, 605, 221, 733, 497, 377, 673, 445, 649, 69, 349, 17, 461, 729, 361, 745, 53]
[229, 533, 197, 93, 453, 601, 225, 705, 121, 681, 89, 561, 397, 617, 21, 241, 253, 621, 585, 645, 741, 273, 501, 577, 525, 257, 481, 597, 169, 165, 261, 281]
[706, 122, 714, 634, 62, 398, 618, 586, 258, 482, 406, 310, 582, 646, 742, 274, 502, 166, 598, 282, 262, 50, 338, 666, 134, 762, 418, 750, 170, 146, 614, 622]
[52, 80, 576, 524, 144, 612, 268, 592, 356, 724, 520, 676, 720, 100, 640, 752, 320, 608, 388, 696, 556, 572, 624, 44, 148, 96, 1000, 1016, 540, 108, 548, 660]
[545, 65, 297, 393, 401, 157, 125, 565, 117, 713, 633, 129, 757, 61, 233, 637, 317, 345, 325, 177, 101, 581, 309, 405, 269, 613, 337, 417, 81, 457, 145, 133]
[721, 593, 725, 661, 341, 5, 761, 749, 665, 357, 541, 625, 205, 49, 685, 321, 677, 609, 697, 557, 573, 389, 1002, 149, 109, 521, 641, 753, 1018, 45, 97, 549]
[856, 1012, 784, 872, 804, 1020, 812, 952, 800, 888, 796, 972, 788, 924, 792, 832, 996, 828, 836, 868, 1008, 816, 912, 920, 948, 980, 840, 896, 904, 1004, 768, 944]
[936, 892, 964, 880, 992, 844, 860, 824, 984, 848, 776, 928, 988, 852, 864, 780, 916, 772, 900, 968, 940, 876, 884, 808, 956, 932, 820, 976, 960, 248, 56, 908]
[858, 1014, 806, 1022, 814, 954, 802, 890, 794, 834, 926, 998, 790, 798, 974, 830, 838, 786, 874, 870, 1010, 914, 818, 922, 898, 842, 950, 982, 906, 1006, 249, 770]
[938, 894, 966, 882, 846, 994, 946, 978, 862, 826, 986, 850, 778, 930, 990, 854, 866, 774, 918, 782, 902, 970, 942, 878, 886, 810, 958, 934, 822, 57, 962, 910]
[691, 623, 3, 591, 387, 1003, 295, 99, 191, 1019, 215, 603, 163, 451, 35, 955, 815, 455, 231, 227, 471, 519, 531, 171, 1011, 315, 535, 807, 1023, 719, 871, 199]
[147, 791, 695, 95, 479, 687, 175, 195, 527, 907, 23, 271, 475, 579, 927, 431, 831, 615, 683, 243, 999, 839, 771, 427, 571, 255, 91, 563, 511, 899, 611, 539]
[803, 51, 979, 103, 891, 799, 975, 515, 819, 75, 951, 159, 383, 127, 483, 567, 399, 119, 983, 139, 415, 619, 275, 503, 235, 343, 411, 963, 639, 971, 587, 947]
[859, 1015, 875, 787, 935, 207, 775, 219, 551, 739, 107, 923, 179, 647, 327, 915, 887, 843, 599, 663, 743, 671, 355, 443, 167, 699, 919, 767, 291, 359, 319, 335]
[162, 98, 698, 722, 686, 526, 390, 678, 594, 626, 578, 662, 6, 342, 46, 522, 206, 270, 726, 322, 642, 574, 558, 150, 542, 358, 754, 610, 550, 250, 110, 58]
[785, 873, 857, 1013, 1017, 1001, 813, 953, 805, 1021, 801, 889, 789, 925, 797, 973, 829, 837, 997, 869, 1009, 793, 833, 905, 897, 817, 769, 949, 981, 913, 961, 921]
[851, 187, 87, 995, 847, 155, 679, 827, 123, 27, 267, 323, 7, 507, 131, 543, 987, 707, 751, 55, 811, 595, 331, 43, 11, 367, 423, 459, 39, 711, 823, 83]
[939, 895, 523, 311, 63, 879, 79, 755, 943, 59, 19, 47, 339, 627, 715, 223, 211, 991, 487, 391, 447, 583, 727, 247, 855, 575, 675, 463, 735, 635, 151, 959]
[183, 867, 795, 835, 903, 723, 67, 283, 667, 299, 883, 967, 1007, 395, 783, 71, 263, 351, 931, 467, 863, 547, 259, 111, 403, 559, 763, 279, 491, 779, 135, 363]
[937, 893, 965, 881, 945, 977, 993, 845, 841, 885, 861, 825, 985, 1005, 901, 773, 969, 849, 917, 777, 929, 865, 781, 853, 989, 933, 821, 809, 941, 877, 957, 909]
[407, 379, 115, 655, 631, 439, 15, 251, 143, 643, 659, 203, 911, 651, 347, 239, 435, 495, 419, 31, 759, 703, 747, 375, 371, 731, 499, 555, 607, 307, 287, 303]
