[0, 133, 7, 266, 140, 14, 273, 147, 21, 28, 161, 35, 168, 175, 49, 182, 189, 63, 196, 70, 77, 84, 217, 91, 224, 98, 231, 238, 112, 245, 119, 126]
[128, 2, 135, 9, 142, 16, 149, 23, 156, 30, 163, 37, 170, 44, 177, 51, 184, 58, 191, 65, 198, 72, 205, 79, 212, 86, 219, 93, 100, 107, 114, 121]
[129, 3, 136, 10, 143, 17, 150, 24, 157, 31, 164, 38, 171, 45, 178, 52, 185, 59, 192, 66, 199, 73, 206, 80, 213, 87, 220, 94, 101, 108, 115, 122]
[131, 5, 138, 12, 19, 152, 26, 159, 33, 166, 40, 173, 47, 180, 54, 187, 61, 194, 201, 75, 82, 215, 89, 96, 229, 103, 236, 110, 243, 117, 250, 124]
[389, 11, 263, 137, 396, 403, 536, 431, 927, 931, 298, 943, 816, 690, 438, 312, 186, 571, 60, 704, 193, 837, 795, 725, 214, 599, 347, 102, 872, 109, 753, 249]
[260, 36, 134, 267, 141, 148, 155, 162, 169, 43, 176, 50, 183, 57, 190, 197, 71, 204, 78, 85, 218, 92, 225, 99, 232, 106, 239, 113, 246, 120, 253, 127]
[387, 226, 261, 394, 268, 401, 275, 408, 282, 415, 289, 422, 296, 429, 303, 436, 310, 443, 317, 324, 331, 338, 345, 352, 359, 233, 366, 240, 373, 247, 380, 254]
[388, 227, 262, 395, 269, 402, 276, 409, 283, 416, 290, 423, 297, 430, 304, 437, 311, 444, 318, 325, 332, 339, 346, 353, 360, 234, 367, 241, 374, 248, 381, 255]
[257, 390, 264, 397, 271, 404, 278, 411, 285, 418, 425, 299, 432, 306, 313, 446, 320, 453, 327, 460, 334, 467, 341, 474, 481, 355, 362, 495, 369, 502, 509, 383]
[512, 274, 386, 519, 393, 526, 400, 533, 407, 281, 540, 414, 288, 295, 302, 309, 316, 323, 330, 463, 337, 470, 344, 477, 351, 358, 491, 365, 498, 372, 505, 379]
[385, 280, 518, 392, 532, 406, 539, 413, 287, 546, 294, 553, 560, 434, 308, 567, 441, 322, 581, 455, 329, 462, 336, 343, 483, 357, 490, 497, 371, 504, 378, 511]
[513, 450, 646, 520, 653, 527, 660, 534, 667, 541, 548, 555, 562, 569, 576, 583, 457, 590, 464, 597, 471, 604, 478, 611, 485, 618, 492, 625, 499, 632, 506, 639]
[640, 451, 514, 647, 521, 654, 528, 661, 535, 668, 542, 549, 556, 563, 570, 577, 584, 458, 591, 465, 598, 472, 605, 479, 612, 486, 619, 493, 626, 500, 633, 507]
[642, 516, 775, 649, 523, 656, 663, 537, 670, 544, 677, 551, 558, 691, 565, 698, 572, 705, 579, 712, 719, 593, 726, 600, 607, 740, 614, 747, 621, 754, 761, 635]
[771, 547, 645, 778, 652, 785, 659, 792, 666, 799, 673, 806, 554, 561, 568, 575, 582, 715, 589, 722, 596, 729, 603, 736, 610, 743, 617, 750, 624, 757, 764, 638]
[644, 588, 777, 651, 658, 791, 665, 798, 805, 812, 686, 693, 826, 700, 833, 707, 714, 847, 595, 854, 728, 602, 861, 609, 742, 616, 875, 749, 882, 756, 763, 637]
[772, 674, 779, 786, 793, 800, 807, 681, 814, 688, 821, 695, 828, 702, 835, 709, 842, 716, 849, 723, 856, 730, 863, 737, 870, 744, 877, 751, 884, 758, 891, 765]
[773, 675, 780, 787, 794, 801, 808, 682, 815, 689, 822, 696, 829, 703, 836, 710, 843, 717, 850, 724, 857, 731, 864, 738, 871, 745, 878, 752, 885, 759, 892, 766]
[898, 902, 906, 910, 914, 918, 922, 926, 930, 934, 938, 942, 946, 950, 954, 958, 962, 966, 970, 974, 978, 982, 986, 990, 994, 998, 1002, 1006, 1010, 1014, 1018, 1022]
[256, 46, 641, 774, 53, 648, 919, 270, 655, 963, 277, 662, 151, 410, 1011, 158, 543, 802, 676, 165, 683, 172, 557, 179, 697, 67, 967, 74, 81, 851, 983, 732]
[903, 95, 305, 88, 823, 578, 459, 452, 326, 971, 333, 207, 979, 221, 228, 116, 886, 760, 634, 123, 508, 606, 480, 865, 995, 235, 620, 879, 242, 767, 368, 627]
[384, 377, 391, 517, 524, 510, 398, 531, 405, 538, 412, 545, 419, 552, 426, 559, 433, 566, 440, 573, 447, 580, 454, 587, 461, 468, 475, 482, 489, 496, 503, 370]
[897, 813, 901, 8, 64, 449, 484, 22, 456, 1001, 29, 1005, 687, 435, 694, 708, 442, 15, 701, 905, 909, 913, 917, 921, 820, 827, 834, 973, 848, 977, 981, 855]
[896, 908, 912, 916, 920, 924, 928, 936, 940, 944, 948, 952, 956, 968, 972, 976, 980, 984, 996, 1000, 1004, 1008, 1012, 770, 203, 904, 56, 399, 988, 427, 964, 301]
[6, 20, 790, 818, 825, 125, 720, 748, 860, 888, 769, 776, 762, 132, 839, 783, 797, 804, 811, 118, 832, 846, 853, 727, 734, 867, 741, 874, 881, 755, 139, 111]
[1, 929, 925, 211, 421, 680, 428, 937, 933, 997, 1009, 1013, 1017, 890, 1021, 941, 945, 949, 969, 953, 957, 961, 965, 841, 631, 985, 862, 989, 993, 869, 876, 883]
[960, 154, 259, 1020, 900, 469, 525, 42, 784, 364, 574, 672, 252, 932, 105, 819, 315, 735, 448, 840, 420, 721, 210, 992, 630, 350, 868, 623, 1016, 679, 889, 476]
[130, 585, 858, 915, 515, 473, 4, 522, 746, 907, 144, 781, 911, 284, 291, 361, 718, 1007, 466, 899, 788, 382, 529, 18, 739, 319, 417, 25, 809, 923, 550, 445]
[258, 265, 251, 272, 279, 146, 153, 286, 160, 293, 167, 300, 174, 307, 181, 314, 188, 321, 195, 328, 202, 335, 209, 342, 216, 349, 223, 356, 230, 237, 244, 895]
[768, 208, 782, 866, 803, 894, 817, 873, 810, 845, 852, 789, 887, 824, 859, 796, 831, 145, 292, 586, 880, 439, 733, 530, 222, 684, 838, 488, 628, 348, 376, 68]
[13, 713, 363, 643, 650, 636, 657, 664, 671, 678, 685, 692, 699, 706, 594, 601, 608, 615, 622, 629, 27, 34, 41, 48, 55, 62, 69, 76, 83, 90, 97, 104]
[999, 951, 669, 592, 32, 354, 375, 39, 200, 935, 340, 501, 1015, 564, 830, 939, 955, 959, 711, 975, 1003, 1019, 1023, 613, 893, 494, 424, 947, 987, 844, 991, 487]
