[2, 376, 35, 766, 786, 13, 946, 310, 926, 343, 167, 409, 596, 189, 876, 651, 607, 866, 134, 519, 906, 266, 145, 563, 90, 57, 123, 387, 354, 541, 178, 976]
[673, 1016, 956, 365, 640, 321, 464, 796, 299, 706, 101, 211, 1006, 916, 662, 442, 966, 986, 816, 200, 585, 486, 420, 618, 46, 856, 24, 244, 79, 222, 233, 398]
[3, 377, 36, 767, 787, 14, 947, 311, 927, 344, 168, 410, 597, 190, 877, 652, 608, 867, 135, 520, 907, 267, 146, 564, 91, 58, 124, 388, 355, 542, 179, 977]
[674, 1017, 957, 366, 641, 322, 465, 797, 300, 707, 102, 212, 1007, 917, 663, 443, 967, 987, 817, 201, 586, 487, 619, 421, 47, 857, 25, 245, 80, 223, 234, 399]
[826, 836, 552, 453, 936, 716, 332, 776, 475, 896, 695, 431, 497, 277, 574, 112, 806, 68, 746, 756, 156, 846, 684, 629, 996, 530, 255, 288, 736, 886, 726, 508]
[837, 827, 553, 937, 454, 717, 333, 777, 476, 897, 696, 432, 498, 278, 575, 113, 807, 69, 747, 757, 157, 847, 685, 630, 997, 256, 531, 289, 737, 887, 727, 509]
[280, 577, 346, 489, 989, 126, 949, 93, 5, 566, 544, 291, 192, 809, 729, 401, 709, 456, 16, 665, 148, 335, 654, 533, 313, 60, 390, 939, 214, 269, 71, 181]
[275, 572, 264, 187, 0, 561, 984, 121, 934, 714, 176, 944, 88, 55, 451, 484, 638, 308, 286, 804, 539, 132, 341, 660, 22, 1004, 649, 724, 473, 143, 374, 974]
[6, 567, 281, 578, 347, 490, 270, 193, 990, 127, 182, 94, 950, 17, 666, 61, 457, 644, 336, 810, 730, 545, 292, 402, 710, 72, 391, 940, 655, 534, 314, 215]
[7, 568, 282, 579, 348, 491, 271, 194, 991, 183, 128, 951, 95, 645, 337, 18, 667, 62, 458, 403, 711, 546, 293, 811, 731, 392, 941, 73, 656, 535, 315, 216]
[285, 582, 384, 10, 21, 175, 351, 274, 153, 318, 648, 329, 549, 186, 571, 98, 417, 604, 472, 131, 65, 461, 659, 197, 296, 527, 142, 43, 615, 395, 362, 593]
[279, 576, 4, 565, 191, 92, 988, 180, 948, 15, 664, 455, 268, 59, 642, 334, 125, 488, 938, 1008, 543, 290, 312, 136, 26, 389, 609, 147, 345, 477, 378, 521]
[799, 368, 999, 889, 599, 739, 467, 769, 929, 423, 879, 357, 104, 979, 137, 27, 698, 759, 719, 379, 676, 969, 588, 170, 522, 478, 643, 1009, 859, 869, 779, 789]
[587, 998, 598, 466, 878, 532, 213, 778, 323, 808, 718, 400, 81, 888, 356, 103, 70, 653, 728, 758, 708, 738, 411, 858, 510, 675, 868, 37, 169, 978, 968, 697]
[528, 209, 66, 77, 864, 784, 407, 594, 396, 704, 385, 11, 764, 774, 754, 605, 517, 330, 33, 352, 506, 994, 884, 462, 220, 231, 418, 904, 734, 693, 165, 583]
[428, 626, 109, 241, 560, 340, 670, 32, 450, 373, 87, 230, 219, 494, 54, 252, 681, 406, 692, 208, 538, 307, 263, 703, 505, 439, 637, 76, 120, 516, 164, 483]
[773, 42, 9, 383, 460, 723, 943, 284, 581, 793, 317, 20, 953, 416, 603, 196, 883, 983, 185, 548, 130, 64, 614, 873, 295, 813, 526, 913, 570, 97, 658, 273]
[800, 369, 424, 880, 770, 930, 1000, 890, 600, 740, 468, 358, 105, 589, 699, 760, 138, 28, 980, 720, 380, 171, 149, 677, 970, 1010, 523, 479, 860, 870, 790, 160]
[801, 370, 425, 881, 771, 931, 1001, 891, 601, 741, 469, 359, 106, 700, 761, 590, 139, 29, 721, 381, 981, 172, 150, 678, 971, 1011, 524, 480, 861, 871, 791, 161]
[174, 350, 933, 647, 328, 471, 108, 218, 1013, 973, 993, 803, 306, 141, 394, 361, 923, 669, 592, 493, 823, 207, 515, 31, 86, 229, 240, 405, 537, 262, 75, 753]
[44, 242, 550, 834, 794, 814, 297, 682, 671, 854, 924, 874, 154, 363, 198, 616, 964, 99, 495, 894, 954, 319, 844, 110, 253, 440, 429, 824, 1014, 627, 914, 744]
[919, 849, 49, 247, 909, 959, 258, 225, 236, 555, 621, 302, 412, 38, 203, 749, 82, 1019, 434, 839, 687, 899, 500, 159, 819, 115, 610, 324, 445, 632, 511, 829]
[798, 367, 908, 158, 788, 818, 848, 1018, 48, 246, 620, 301, 554, 202, 748, 918, 838, 768, 928, 257, 224, 235, 686, 958, 898, 499, 433, 114, 422, 444, 631, 828]
[920, 850, 50, 248, 910, 960, 259, 226, 237, 556, 622, 303, 413, 39, 83, 204, 750, 1020, 435, 780, 325, 840, 900, 501, 688, 116, 611, 512, 446, 633, 820, 830]
[921, 851, 51, 249, 911, 961, 260, 227, 238, 557, 304, 623, 414, 40, 84, 751, 205, 1021, 436, 781, 326, 841, 901, 502, 689, 117, 612, 513, 447, 634, 821, 831]
[952, 992, 547, 294, 393, 668, 96, 283, 63, 459, 272, 195, 338, 19, 349, 1012, 8, 569, 129, 184, 316, 536, 712, 732, 742, 525, 481, 30, 613, 74, 404, 217]
[276, 573, 452, 715, 1, 375, 935, 34, 765, 785, 309, 805, 12, 945, 177, 975, 540, 287, 56, 122, 775, 474, 518, 905, 408, 595, 606, 865, 188, 875, 562, 89]
[833, 843, 963, 372, 680, 1023, 559, 783, 482, 713, 449, 763, 339, 427, 625, 53, 863, 251, 903, 702, 438, 504, 893, 743, 152, 119, 691, 636, 163, 853, 733, 1003]
[925, 342, 166, 320, 639, 265, 144, 463, 100, 133, 965, 985, 386, 353, 210, 1005, 650, 725, 795, 298, 915, 661, 507, 584, 485, 78, 221, 232, 23, 755, 397, 67]
[261, 239, 173, 602, 679, 701, 151, 382, 862, 646, 140, 492, 962, 591, 722, 892, 514, 812, 41, 942, 85, 162, 872, 426, 1002, 470, 107, 982, 657, 228, 371, 415]
[1015, 672, 955, 364, 825, 835, 551, 705, 815, 199, 441, 331, 419, 617, 45, 855, 243, 683, 745, 254, 694, 895, 885, 735, 430, 628, 496, 529, 111, 155, 845, 995]
[624, 762, 792, 250, 912, 932, 782, 305, 52, 558, 852, 327, 972, 437, 206, 690, 822, 882, 802, 842, 448, 635, 752, 118, 503, 360, 1022, 772, 902, 922, 832, 580]
