[825, 353, 193, 625, 89, 401, 385, 73, 305, 769, 873, 761, 545, 337, 745, 177, 113, 497, 313, 97, 289, 17, 905, 481, 889, 657, 433, 929, 945, 897, 529, 993]
[137, 121, 793, 737, 409, 553, 49, 249, 857, 785, 673, 985, 393, 201, 585, 265, 937, 321, 649, 729, 281, 921, 457, 449, 465, 681, 33, 81, 105, 1, 633, 329]
[546, 306, 906, 178, 194, 626, 354, 826, 90, 530, 114, 498, 74, 402, 890, 338, 746, 930, 994, 362, 898, 290, 386, 314, 946, 874, 698, 18, 434, 658, 98, 762]
[418, 58, 490, 426, 458, 730, 410, 922, 122, 610, 562, 978, 138, 370, 714, 914, 130, 226, 666, 538, 322, 42, 450, 282, 554, 986, 786, 1002, 618, 1010, 650, 674]
[2, 794, 82, 586, 818, 882, 722, 66, 242, 146, 274, 26, 50, 394, 218, 250, 34, 634, 106, 466, 738, 810, 10, 682, 834, 962, 802, 754, 858, 954, 210, 346]
[161, 377, 841, 153, 505, 145, 241, 273, 593, 473, 441, 513, 777, 569, 849, 345, 953, 961, 169, 865, 705, 233, 257, 577, 185, 641, 65, 817, 721, 209, 521, 969]
[57, 617, 537, 977, 665, 1009, 1001, 713, 129, 561, 369, 417, 913, 225, 425, 489, 833, 881, 609, 41, 689, 1017, 809, 217, 9, 297, 801, 601, 753, 25, 361, 697]
[578, 186, 642, 234, 778, 162, 506, 706, 378, 570, 154, 842, 258, 514, 594, 938, 202, 850, 474, 690, 1018, 522, 866, 770, 602, 170, 442, 266, 298, 970, 482, 330]
[583, 191, 183, 911, 711, 383, 359, 663, 535, 95, 159, 847, 879, 391, 407, 79, 119, 703, 783, 239, 647, 167, 511, 199, 999, 263, 831, 935, 367, 575, 503, 319]
[551, 311, 823, 887, 599, 31, 343, 279, 295, 959, 967, 439, 487, 71, 247, 903, 351, 855, 727, 215, 759, 447, 895, 767, 775, 607, 975, 751, 951, 103, 151, 527]
[639, 39, 143, 335, 111, 471, 423, 63, 615, 127, 7, 799, 415, 463, 431, 495, 791, 919, 679, 231, 135, 327, 1007, 927, 559, 455, 991, 567, 863, 375, 719, 735]
[581, 189, 157, 845, 781, 573, 933, 365, 197, 997, 645, 237, 629, 909, 181, 77, 93, 701, 117, 261, 165, 533, 709, 509, 501, 405, 893, 877, 21, 317, 101, 381]
[824, 352, 192, 992, 184, 576, 176, 904, 928, 360, 152, 840, 88, 528, 640, 232, 696, 112, 776, 568, 256, 160, 504, 624, 312, 96, 496, 376, 704, 656, 400, 888]
[356, 660, 828, 580, 188, 180, 908, 92, 532, 700, 116, 156, 844, 404, 76, 708, 380, 196, 996, 236, 780, 572, 388, 876, 260, 164, 644, 508, 500, 628, 20, 316]
[235, 643, 179, 907, 579, 187, 995, 195, 363, 931, 75, 403, 699, 115, 779, 571, 155, 843, 379, 707, 19, 875, 531, 91, 259, 163, 499, 507, 627, 99, 315, 891]
[582, 190, 182, 910, 710, 382, 662, 358, 534, 94, 158, 846, 390, 878, 702, 118, 406, 78, 782, 238, 646, 510, 166, 262, 198, 998, 830, 366, 934, 574, 502, 318]
[925, 125, 1005, 917, 789, 565, 333, 141, 421, 61, 989, 677, 717, 373, 429, 493, 669, 541, 733, 461, 557, 453, 413, 45, 621, 285, 613, 325, 981, 229, 133, 1013]
[549, 309, 829, 357, 773, 293, 853, 349, 341, 725, 245, 69, 29, 277, 661, 597, 213, 973, 437, 901, 445, 821, 885, 749, 485, 149, 757, 805, 525, 173, 605, 949]
[304, 544, 24, 272, 344, 848, 336, 440, 64, 240, 592, 768, 288, 720, 968, 208, 896, 432, 480, 744, 880, 144, 816, 960, 952, 752, 600, 520, 168, 800, 864, 832]
[416, 56, 328, 136, 920, 120, 664, 536, 912, 1000, 784, 368, 712, 560, 672, 984, 456, 408, 728, 424, 488, 320, 448, 552, 608, 40, 616, 128, 224, 280, 976, 648]
[308, 548, 596, 276, 340, 28, 348, 444, 68, 244, 884, 820, 964, 956, 364, 948, 900, 436, 932, 756, 212, 484, 892, 764, 292, 724, 772, 604, 852, 100, 748, 972]
[310, 550, 886, 822, 30, 598, 342, 278, 294, 958, 966, 438, 486, 70, 246, 902, 726, 854, 350, 214, 758, 446, 766, 894, 606, 774, 974, 750, 950, 102, 150, 526]
[819, 883, 723, 243, 827, 355, 27, 275, 547, 307, 67, 659, 291, 771, 339, 851, 443, 347, 971, 211, 435, 899, 595, 483, 747, 147, 523, 171, 603, 755, 955, 963]
[612, 124, 140, 332, 492, 428, 676, 988, 420, 60, 460, 732, 788, 1004, 916, 412, 132, 228, 452, 556, 924, 324, 44, 716, 564, 372, 284, 1012, 668, 980, 540, 620]
[943, 207, 223, 255, 55, 87, 687, 815, 271, 399, 743, 591, 695, 1023, 47, 623, 15, 543, 671, 1015, 983, 519, 839, 175, 871, 303, 479, 23, 631, 807, 287, 655]
[139, 331, 555, 451, 667, 539, 283, 411, 419, 371, 923, 123, 323, 915, 675, 987, 459, 427, 491, 787, 563, 1003, 59, 611, 979, 731, 43, 619, 715, 131, 227, 651]
[638, 38, 334, 142, 470, 110, 422, 62, 614, 126, 6, 798, 414, 462, 430, 494, 678, 790, 918, 230, 134, 326, 1006, 454, 558, 926, 990, 566, 862, 718, 374, 734]
[53, 85, 5, 469, 205, 941, 37, 637, 797, 109, 221, 253, 693, 1021, 13, 813, 269, 589, 685, 397, 741, 861, 965, 957, 837, 389, 765, 517, 477, 301, 869, 653]
[942, 206, 222, 254, 54, 86, 814, 686, 270, 590, 398, 742, 694, 1022, 46, 622, 14, 670, 542, 1014, 982, 518, 838, 870, 174, 302, 478, 22, 630, 806, 286, 654]
[812, 684, 796, 108, 204, 268, 52, 84, 940, 220, 252, 4, 468, 36, 636, 860, 1020, 692, 588, 396, 740, 148, 868, 172, 524, 12, 516, 836, 300, 476, 804, 652]
[792, 104, 48, 80, 32, 632, 16, 872, 264, 200, 936, 464, 216, 248, 384, 0, 856, 584, 688, 1016, 808, 8, 680, 392, 736, 72, 760, 944, 512, 472, 296, 1008]
[35, 859, 795, 467, 51, 587, 939, 267, 107, 203, 635, 739, 395, 3, 219, 251, 1019, 691, 683, 811, 83, 11, 947, 763, 387, 515, 835, 299, 475, 867, 803, 1011]
