[131, 5, 138, 12, 19, 152, 26, 159, 33, 166, 40, 173, 47, 180, 54, 187, 61, 194, 201, 75, 82, 215, 89, 96, 229, 103, 236, 110, 243, 117, 250, 124]
[257, 390, 264, 397, 271, 404, 278, 411, 285, 418, 425, 299, 432, 306, 313, 446, 320, 453, 327, 460, 334, 467, 341, 474, 481, 355, 362, 495, 369, 502, 509, 383]
[642, 516, 775, 649, 523, 656, 663, 537, 670, 544, 677, 551, 558, 691, 565, 698, 572, 705, 579, 712, 719, 593, 726, 600, 607, 740, 614, 747, 621, 754, 761, 635]
[20, 27, 34, 41, 48, 55, 62, 69, 76, 83, 90, 97, 104, 111, 118, 125, 132, 139, 146, 153, 160, 167, 174, 181, 188, 195, 202, 209, 216, 223, 230, 237]
[384, 377, 370, 391, 398, 405, 412, 419, 426, 433, 440, 447, 454, 461, 468, 475, 482, 489, 496, 503, 510, 517, 524, 531, 538, 545, 552, 559, 566, 573, 580, 587]
[934, 938, 942, 946, 922, 926, 950, 954, 958, 962, 966, 970, 930, 998, 1002, 1006, 902, 906, 910, 914, 918, 974, 978, 982, 986, 898, 990, 994, 1010, 1014, 1018, 1022]
[936, 940, 944, 948, 924, 928, 952, 956, 968, 972, 1000, 1004, 1008, 908, 912, 916, 984, 980, 920, 976, 1012, 996, 742, 749, 756, 763, 791, 798, 805, 812, 826, 833]
[36, 43, 50, 57, 71, 78, 85, 92, 99, 106, 113, 120, 127, 134, 141, 148, 155, 162, 169, 176, 183, 190, 365, 372, 386, 379, 197, 393, 400, 407, 204, 414]
[17, 24, 31, 38, 45, 52, 59, 66, 73, 80, 87, 94, 101, 108, 115, 122, 129, 136, 143, 150, 157, 164, 171, 178, 185, 192, 199, 206, 213, 220, 227, 234]
[367, 374, 388, 381, 395, 402, 409, 416, 423, 430, 437, 444, 451, 458, 465, 472, 479, 486, 493, 500, 507, 514, 521, 528, 535, 542, 549, 556, 563, 570, 577, 584]
[745, 752, 717, 724, 731, 738, 759, 766, 773, 780, 787, 794, 801, 815, 822, 808, 829, 836, 843, 850, 857, 864, 871, 878, 885, 892, 591, 598, 605, 612, 619, 626]
[16, 23, 30, 37, 44, 51, 58, 65, 72, 79, 86, 93, 100, 107, 114, 121, 128, 135, 142, 149, 156, 163, 170, 177, 184, 191, 198, 205, 212, 219, 226, 233]
[366, 373, 387, 380, 394, 401, 408, 415, 422, 429, 436, 443, 450, 457, 464, 471, 478, 485, 492, 499, 506, 513, 520, 527, 534, 541, 548, 555, 562, 569, 576, 583]
[744, 751, 716, 723, 730, 737, 758, 765, 772, 779, 786, 793, 800, 814, 821, 807, 828, 835, 842, 849, 856, 863, 870, 877, 884, 891, 590, 597, 604, 611, 618, 625]
[943, 947, 935, 939, 923, 927, 931, 919, 907, 911, 915, 903, 899, 893, 746, 753, 725, 732, 718, 739, 760, 767, 774, 781, 788, 795, 816, 823, 802, 809, 830, 837]
[18, 25, 32, 39, 46, 53, 60, 67, 74, 81, 88, 95, 102, 109, 116, 123, 130, 137, 144, 151, 158, 165, 172, 179, 186, 193, 200, 207, 214, 221, 228, 235]
[385, 378, 371, 392, 406, 413, 455, 462, 483, 490, 434, 441, 497, 504, 511, 518, 266, 273, 532, 539, 546, 280, 553, 560, 287, 567, 588, 595, 602, 609, 616, 294]
[368, 375, 389, 382, 396, 403, 410, 417, 424, 431, 438, 452, 459, 445, 466, 480, 487, 473, 494, 501, 508, 515, 522, 536, 543, 529, 550, 557, 564, 571, 578, 585]
[0, 7, 14, 21, 28, 35, 63, 70, 77, 84, 91, 98, 112, 119, 126, 133, 140, 161, 168, 175, 147, 182, 189, 196, 217, 224, 231, 238, 245, 49, 42, 56]
[905, 901, 909, 913, 917, 921, 897, 743, 750, 715, 722, 729, 736, 757, 764, 771, 778, 785, 792, 799, 813, 820, 806, 827, 834, 848, 855, 862, 869, 876, 883, 463]
[218, 225, 232, 239, 470, 477, 246, 491, 498, 505, 253, 512, 519, 260, 267, 526, 274, 533, 540, 547, 281, 554, 561, 288, 568, 575, 582, 589, 596, 295, 302, 603]
[847, 854, 861, 875, 882, 644, 637, 651, 322, 329, 658, 665, 336, 343, 686, 693, 700, 707, 714, 728, 896, 308, 357, 988, 1016, 777, 581, 770, 721, 819, 868, 399]
[782, 866, 803, 873, 810, 845, 817, 852, 789, 887, 824, 859, 796, 894, 831, 933, 941, 945, 937, 1, 949, 953, 969, 965, 957, 961, 15, 22, 29, 8, 925, 64]
[6, 13, 3, 10, 2, 9, 4, 11, 203, 252, 301, 672, 623, 350, 348, 488, 768, 628, 208, 684, 838, 530, 376, 222, 68, 448, 154, 105, 841, 631, 421, 211]
[1005, 1001, 1009, 1013, 1017, 1021, 442, 449, 456, 435, 687, 694, 701, 708, 610, 617, 309, 316, 624, 323, 645, 638, 652, 330, 659, 666, 337, 673, 344, 351, 358, 997]
[967, 971, 963, 1007, 1003, 983, 987, 975, 979, 1011, 1015, 991, 995, 1019, 1023, 844, 851, 858, 865, 872, 879, 886, 599, 592, 606, 613, 620, 627, 634, 641, 648, 655]
[244, 251, 258, 265, 272, 279, 286, 293, 300, 307, 314, 321, 328, 335, 342, 349, 356, 259, 210, 315, 733, 880, 145, 292, 439, 586, 364, 420, 427, 904, 476, 469]
[720, 727, 741, 748, 755, 734, 762, 769, 776, 783, 790, 797, 804, 811, 818, 825, 832, 839, 846, 853, 860, 867, 881, 888, 874, 895, 594, 601, 608, 615, 622, 629]
[973, 977, 981, 985, 993, 989, 643, 636, 650, 657, 664, 671, 678, 685, 692, 699, 706, 241, 248, 255, 262, 269, 276, 283, 290, 297, 304, 311, 318, 640, 633, 325]
[240, 247, 254, 261, 268, 275, 282, 289, 296, 303, 310, 317, 324, 632, 639, 646, 653, 331, 660, 667, 338, 674, 345, 681, 688, 695, 702, 709, 352, 359, 680, 890]
[951, 955, 959, 242, 249, 256, 263, 270, 277, 284, 291, 298, 305, 312, 319, 326, 333, 662, 669, 340, 347, 676, 683, 690, 697, 704, 711, 354, 361, 999, 428, 484]
[647, 654, 661, 668, 332, 339, 675, 346, 682, 689, 696, 703, 710, 353, 360, 992, 630, 713, 363, 574, 960, 525, 679, 964, 932, 889, 735, 784, 840, 900, 1020, 929]
