[0, 1, 2, 3, 4, 5, 7, 8, 9, 10, 11, 12, 14, 15, 16, 17, 18, 19, 22, 23, 24, 25, 26, 29, 30, 31, 35, 37, 38, 39, 40, 44]
[258, 27, 132, 265, 139, 272, 146, 279, 153, 286, 34, 293, 41, 300, 48, 307, 55, 62, 195, 69, 328, 202, 83, 216, 90, 223, 230, 104, 111, 118, 251, 125]
[45, 46, 47, 49, 52, 53, 54, 56, 57, 59, 60, 61, 63, 66, 67, 68, 72, 73, 74, 75, 78, 79, 80, 81, 84, 85, 86, 88, 89, 91, 93, 94]
[128, 82, 259, 135, 264, 274, 154, 431, 288, 421, 295, 426, 455, 302, 559, 392, 441, 249, 416, 327, 588, 462, 593, 87, 469, 92, 225, 583, 107, 494, 121, 254]
[129, 95, 130, 131, 133, 134, 136, 137, 138, 140, 143, 96, 98, 99, 100, 103, 105, 106, 108, 109, 110, 112, 115, 116, 117, 119, 120, 122, 123, 124, 126, 127]
[144, 145, 149, 150, 151, 152, 155, 156, 157, 158, 159, 161, 162, 163, 164, 168, 169, 170, 171, 172, 173, 175, 176, 177, 178, 179, 180, 182, 183, 184, 185, 186]
[190, 191, 192, 193, 194, 197, 198, 201, 203, 205, 206, 207, 208, 212, 213, 214, 215, 220, 221, 222, 224, 227, 228, 229, 233, 234, 235, 236, 239, 240, 241, 242]
[256, 245, 257, 260, 261, 262, 263, 266, 267, 270, 271, 273, 275, 276, 277, 278, 282, 283, 284, 285, 287, 289, 290, 291, 292, 246, 247, 248, 250, 252, 253, 255]
[294, 296, 297, 298, 299, 301, 303, 304, 305, 306, 310, 311, 312, 313, 316, 317, 318, 319, 320, 322, 323, 324, 325, 326, 329, 330, 331, 335, 336, 337, 338, 339]
[387, 340, 388, 389, 342, 343, 344, 345, 346, 347, 349, 350, 351, 352, 353, 357, 358, 359, 360, 361, 364, 365, 368, 370, 372, 373, 374, 375, 379, 380, 381, 382]
[641, 362, 390, 397, 529, 662, 536, 418, 550, 425, 557, 432, 564, 439, 696, 446, 703, 453, 585, 460, 592, 467, 599, 474, 606, 613, 620, 495, 369, 627, 634, 383]
[391, 394, 395, 396, 400, 401, 402, 403, 406, 407, 408, 409, 412, 413, 414, 415, 417, 419, 420, 422, 423, 424, 427, 428, 429, 430, 433, 434, 437, 438, 440, 442]
[443, 444, 445, 449, 450, 451, 452, 454, 456, 457, 458, 459, 461, 463, 464, 465, 466, 468, 470, 471, 472, 473, 477, 478, 479, 480, 483, 484, 485, 486, 487, 489]
[512, 490, 513, 514, 516, 517, 518, 519, 520, 524, 525, 526, 527, 528, 531, 532, 535, 491, 492, 493, 496, 497, 498, 502, 503, 504, 505, 506, 507, 509, 510, 511]
[537, 539, 540, 541, 542, 546, 547, 548, 549, 554, 555, 556, 558, 561, 562, 563, 567, 568, 569, 570, 573, 574, 575, 576, 579, 580, 581, 582, 584, 586, 587, 589]
[590, 591, 594, 595, 596, 597, 600, 601, 604, 605, 607, 609, 610, 611, 612, 616, 617, 618, 619, 621, 623, 624, 625, 626, 628, 630, 631, 632, 633, 635, 637, 638]
[640, 639, 644, 645, 646, 647, 650, 651, 652, 653, 654, 656, 657, 658, 659, 660, 663, 664, 665, 669, 670, 671, 672, 673, 674, 676, 677, 678, 679, 680, 681, 683]
[684, 685, 686, 687, 691, 692, 693, 694, 695, 698, 699, 702, 704, 706, 707, 708, 709, 713, 714, 715, 716, 721, 722, 723, 725, 728, 729, 730, 734, 735, 736, 737]
[768, 740, 771, 772, 774, 776, 777, 778, 779, 783, 784, 785, 786, 788, 741, 742, 743, 746, 747, 748, 749, 751, 753, 754, 756, 757, 758, 761, 762, 763, 764, 767]
[790, 791, 792, 793, 795, 797, 798, 799, 800, 802, 804, 805, 806, 807, 811, 812, 813, 814, 817, 818, 819, 820, 821, 823, 824, 825, 826, 827, 830, 831, 832, 836]
[837, 838, 839, 840, 841, 843, 844, 845, 846, 847, 848, 850, 851, 852, 853, 854, 858, 859, 860, 861, 862, 865, 866, 869, 871, 873, 874, 875, 876, 880, 881, 882]
[896, 883, 897, 901, 902, 903, 904, 907, 908, 909, 910, 913, 914, 915, 916, 918, 920, 921, 923, 924, 925, 928, 929, 930, 931, 934, 935, 888, 889, 890, 892, 895]
[938, 939, 941, 943, 944, 945, 946, 950, 951, 952, 953, 955, 957, 958, 959, 960, 962, 964, 965, 966, 967, 969, 971, 972, 973, 974, 978, 979, 980, 981, 984, 985]
[384, 32, 769, 70, 642, 899, 833, 521, 268, 781, 398, 911, 147, 533, 280, 666, 410, 551, 42, 688, 50, 948, 565, 187, 700, 447, 64, 199, 718, 855, 217, 732]
[385, 33, 770, 71, 643, 900, 649, 906, 269, 782, 399, 148, 405, 534, 281, 667, 544, 552, 711, 949, 566, 701, 448, 65, 200, 719, 210, 218, 733, 868, 615, 232]
[898, 717, 773, 961, 648, 76, 905, 780, 655, 97, 787, 20, 710, 877, 209, 376, 543, 919, 794, 926, 160, 801, 933, 808, 940, 815, 947, 822, 314, 571, 829, 321]
[750, 598, 726, 775, 142, 77, 661, 789, 922, 796, 927, 803, 932, 166, 937, 810, 956, 942, 816, 436, 309, 315, 572, 834, 963, 893, 970, 333, 977, 983, 603, 476]
[101, 577, 435, 165, 936, 809, 744, 332, 141, 499, 976, 243, 308, 1000, 602, 475, 1006, 986, 231, 113, 987, 988, 990, 991, 992, 993, 994, 997, 998, 999, 1003, 1004]
[622, 608, 1007, 1005, 1010, 1011, 1012, 828, 1013, 1014, 1021, 739, 102, 1017, 995, 636, 755, 629, 760, 765, 917, 482, 1001, 238, 500, 1020, 1008, 1015, 1018, 1019, 878, 114]
[6, 675, 842, 174, 1009, 341, 508, 522, 188, 912, 244, 404, 237, 411, 689, 578, 745, 954, 724, 355, 856, 1023, 968, 975, 731, 996, 870, 752, 884, 759, 891, 766]
[386, 219, 523, 189, 530, 196, 538, 36, 879, 211, 545, 705, 872, 204, 371, 553, 690, 697, 857, 356, 864, 363, 712, 720, 378, 887, 367, 886, 377, 21, 28, 43]
[515, 181, 393, 226, 668, 167, 835, 1002, 334, 501, 682, 560, 727, 894, 849, 1016, 348, 354, 867, 614, 366, 885, 1022, 982, 481, 989, 488, 738, 13, 863, 58, 51]
