[0, 128, 64, 8, 256, 400, 344, 448, 56, 576, 248, 312, 32, 560, 376, 424, 112, 304, 264, 440, 192, 416, 328, 592, 568, 88, 216, 96, 472, 104, 496, 504]
[1, 129, 193, 9, 401, 89, 33, 561, 425, 257, 305, 449, 577, 265, 441, 249, 313, 377, 65, 569, 417, 329, 593, 57, 473, 97, 113, 105, 497, 505, 217, 345]
[258, 2, 10, 194, 402, 346, 218, 474, 34, 426, 498, 306, 58, 266, 66, 130, 330, 90, 418, 450, 594, 578, 250, 314, 442, 506, 98, 570, 106, 114, 562, 378]
[3, 571, 131, 379, 11, 499, 115, 563, 195, 35, 427, 91, 307, 219, 59, 475, 67, 331, 595, 419, 267, 347, 99, 259, 107, 451, 579, 403, 315, 251, 443, 507]
[132, 4, 260, 12, 60, 404, 196, 316, 580, 508, 420, 476, 428, 500, 308, 564, 444, 452, 68, 268, 332, 92, 596, 348, 36, 220, 100, 572, 108, 116, 252, 380]
[261, 5, 317, 13, 405, 69, 133, 421, 453, 429, 581, 349, 253, 309, 381, 117, 573, 565, 197, 333, 269, 597, 93, 37, 61, 101, 109, 445, 221, 501, 477, 509]
[262, 6, 14, 222, 350, 406, 478, 70, 422, 382, 430, 310, 134, 62, 566, 198, 454, 582, 334, 254, 318, 270, 598, 574, 118, 94, 38, 102, 110, 446, 502, 510]
[263, 7, 15, 407, 503, 423, 95, 71, 255, 431, 479, 311, 223, 319, 455, 567, 335, 599, 271, 135, 199, 351, 103, 119, 583, 39, 111, 383, 447, 575, 63, 511]
[384, 16, 512, 392, 272, 24, 280, 640, 672, 432, 40, 176, 136, 184, 288, 456, 160, 208, 352, 544, 72, 152, 224, 144, 536, 360, 368, 488, 464, 336, 120, 200]
[641, 17, 537, 513, 145, 393, 209, 161, 465, 153, 137, 25, 201, 433, 41, 385, 177, 73, 185, 289, 457, 337, 121, 225, 273, 361, 353, 369, 545, 489, 673, 281]
[514, 18, 394, 386, 290, 274, 546, 154, 674, 538, 282, 162, 210, 42, 338, 434, 178, 74, 202, 186, 138, 458, 354, 466, 642, 26, 226, 362, 146, 370, 122, 490]
[387, 19, 139, 435, 275, 283, 539, 491, 291, 163, 43, 27, 547, 179, 155, 675, 371, 187, 75, 147, 211, 203, 467, 339, 355, 395, 459, 227, 363, 515, 643, 123]
[644, 20, 492, 388, 396, 276, 516, 156, 468, 292, 284, 44, 180, 436, 188, 76, 204, 28, 548, 676, 340, 164, 540, 148, 228, 364, 460, 356, 140, 372, 212, 124]
[213, 21, 277, 389, 141, 493, 149, 397, 461, 541, 517, 165, 45, 157, 645, 437, 189, 181, 77, 205, 341, 549, 229, 357, 29, 365, 677, 285, 373, 293, 125, 469]
[358, 22, 470, 646, 30, 142, 678, 286, 494, 278, 150, 518, 550, 542, 214, 294, 78, 46, 158, 182, 462, 190, 438, 390, 206, 398, 342, 230, 366, 374, 126, 166]
[391, 23, 279, 143, 151, 367, 167, 159, 359, 295, 31, 519, 679, 47, 439, 543, 287, 215, 191, 343, 79, 183, 207, 463, 471, 399, 231, 551, 647, 495, 375, 127]
[768, 600, 896, 776, 912, 920, 968, 664, 704, 928, 832, 936, 632, 816, 904, 824, 752, 960, 736, 880, 712, 856, 848, 840, 608, 784, 864, 744, 624, 888, 760, 720]
[897, 601, 833, 777, 857, 913, 921, 665, 785, 929, 753, 937, 905, 817, 969, 841, 825, 705, 769, 961, 737, 713, 761, 849, 633, 721, 625, 609, 889, 881, 745, 865]
[770, 602, 906, 706, 786, 610, 666, 858, 930, 938, 890, 626, 922, 818, 826, 714, 914, 834, 842, 738, 970, 850, 882, 866, 634, 898, 962, 762, 746, 722, 778, 754]
[771, 603, 779, 635, 787, 819, 667, 707, 755, 923, 939, 883, 739, 891, 827, 931, 843, 715, 867, 723, 851, 859, 915, 611, 747, 907, 971, 627, 835, 763, 899, 963]
[772, 604, 908, 780, 964, 788, 836, 900, 924, 932, 668, 940, 628, 820, 884, 828, 972, 868, 708, 716, 844, 892, 724, 740, 636, 860, 612, 748, 756, 852, 916, 764]
[901, 605, 629, 781, 789, 917, 925, 709, 933, 909, 973, 941, 669, 773, 821, 965, 829, 885, 837, 893, 717, 845, 853, 861, 613, 869, 749, 765, 741, 757, 637, 725]
[790, 606, 774, 782, 742, 918, 670, 862, 902, 934, 942, 854, 926, 822, 830, 630, 710, 974, 718, 838, 846, 726, 966, 614, 886, 638, 910, 870, 750, 758, 894, 766]
[895, 607, 775, 727, 911, 791, 927, 935, 839, 943, 823, 783, 631, 671, 831, 711, 887, 847, 919, 855, 719, 863, 975, 871, 615, 743, 751, 903, 967, 759, 639, 767]
[728, 680, 729, 681, 792, 793, 794, 682, 730, 1000, 696, 808, 952, 1016, 984, 809, 698, 810, 954, 1002, 1018, 986, 697, 953, 985, 1001, 1017, 520, 521, 522, 523, 524]
[733, 685, 683, 987, 731, 795, 811, 1003, 955, 1019, 699, 813, 687, 799, 1023, 991, 1007, 815, 703, 735, 959, 814, 686, 797, 798, 957, 989, 1005, 1021, 701, 734, 958]
[236, 620, 484, 588, 660, 300, 238, 662, 486, 590, 302, 622, 796, 684, 732, 812, 700, 702, 990, 1022, 1006, 1020, 988, 956, 1004, 980, 1012, 996, 982, 998, 1014, 525]
[656, 232, 657, 233, 658, 234, 663, 239, 623, 1009, 977, 296, 297, 298, 303, 992, 976, 993, 584, 585, 586, 1015, 983, 994, 978, 591, 1008, 1010, 999, 480, 481, 482]
[619, 235, 659, 661, 237, 299, 301, 483, 587, 589, 979, 1011, 995, 981, 1013, 997, 621, 485, 526, 527, 408, 320, 409, 321, 411, 323, 413, 325, 487, 616, 617, 618]
[530, 82, 532, 84, 534, 86, 410, 322, 412, 324, 414, 326, 650, 946, 652, 948, 654, 950, 802, 804, 806, 690, 692, 694, 874, 876, 878, 242, 244, 246, 50, 54]
[528, 80, 529, 81, 535, 87, 415, 327, 648, 944, 649, 945, 655, 951, 800, 801, 807, 688, 695, 689, 872, 873, 879, 240, 241, 247, 48, 49, 55, 175, 559, 552]
[531, 83, 85, 533, 651, 947, 653, 949, 803, 805, 691, 693, 875, 877, 243, 245, 51, 53, 171, 555, 556, 172, 173, 557, 553, 169, 170, 554, 558, 174, 52, 168]
