[517, 11, 22, 539, 286, 418, 297, 44, 429, 176, 561, 55, 440, 187, 66, 451, 198, 583, 330, 77, 594, 88, 473, 220, 352, 99, 484, 363, 110, 495, 242, 121]
[518, 12, 23, 540, 287, 419, 298, 45, 430, 177, 562, 56, 441, 188, 67, 452, 199, 584, 331, 78, 595, 89, 474, 221, 353, 100, 485, 364, 111, 496, 243, 122]
[519, 13, 24, 541, 288, 420, 299, 46, 431, 178, 563, 57, 442, 189, 68, 453, 200, 585, 332, 79, 596, 90, 475, 222, 354, 101, 486, 365, 112, 497, 244, 123]
[520, 14, 25, 542, 289, 421, 300, 47, 432, 179, 564, 58, 443, 190, 69, 454, 201, 586, 333, 80, 597, 91, 476, 223, 355, 102, 487, 366, 113, 498, 245, 124]
[521, 15, 26, 543, 290, 422, 301, 48, 433, 180, 565, 59, 444, 191, 70, 455, 202, 587, 334, 81, 598, 92, 477, 224, 356, 103, 488, 367, 114, 499, 246, 125]
[522, 16, 27, 544, 291, 423, 302, 49, 434, 181, 566, 60, 445, 192, 71, 456, 203, 588, 335, 82, 599, 93, 478, 225, 357, 104, 489, 368, 115, 500, 247, 126]
[523, 17, 28, 545, 292, 424, 303, 50, 435, 182, 567, 61, 446, 193, 72, 457, 204, 589, 336, 83, 600, 94, 479, 226, 358, 105, 490, 369, 116, 501, 248, 127]
[128, 18, 524, 29, 546, 293, 425, 304, 51, 436, 183, 568, 62, 447, 194, 73, 458, 205, 590, 337, 84, 601, 95, 480, 227, 359, 106, 491, 370, 117, 502, 249]
[525, 338, 657, 802, 690, 679, 842, 360, 503, 822, 882, 646, 272, 1002, 239, 316, 732, 393, 217, 580, 812, 470, 327, 41, 349, 8, 415, 514, 892, 173, 140, 624]
[526, 339, 658, 803, 691, 680, 843, 361, 504, 273, 813, 471, 647, 581, 328, 240, 823, 883, 141, 993, 42, 733, 350, 9, 1003, 416, 174, 893, 317, 515, 625, 218]
[792, 481, 19, 569, 922, 992, 862, 782, 536, 74, 1012, 762, 492, 459, 195, 250, 872, 184, 912, 96, 832, 129, 701, 742, 962, 942, 602, 30, 722, 972, 228, 952]
[783, 207, 793, 482, 592, 636, 853, 372, 833, 251, 20, 570, 669, 119, 229, 537, 1023, 75, 185, 973, 743, 953, 603, 460, 196, 923, 863, 394, 614, 1013, 702, 763]
[681, 362, 505, 648, 274, 472, 659, 340, 527, 10, 241, 582, 439, 109, 417, 549, 450, 395, 142, 670, 120, 175, 43, 516, 318, 219, 329, 351, 593, 637, 626, 76]
[772, 902, 752, 591, 635, 932, 426, 206, 852, 668, 118, 1022, 613, 547, 448, 294, 107, 404, 558, 982, 437, 52, 63, 85, 371, 305, 712, 162, 261, 151, 283, 382]
[773, 97, 903, 713, 438, 108, 753, 548, 449, 405, 559, 963, 913, 427, 64, 130, 493, 31, 943, 723, 86, 933, 295, 873, 163, 53, 983, 306, 262, 152, 284, 383]
[0, 385, 132, 264, 914, 407, 794, 33, 804, 165, 682, 814, 308, 572, 319, 834, 462, 209, 724, 341, 854, 984, 994, 231, 616, 874, 884, 506, 638, 774, 605, 649]
[1, 386, 133, 265, 915, 408, 795, 34, 805, 166, 683, 815, 309, 573, 320, 835, 463, 210, 725, 342, 855, 985, 995, 232, 617, 875, 885, 507, 639, 895, 606, 775]
[641, 3, 388, 135, 267, 917, 410, 797, 36, 807, 168, 685, 817, 311, 575, 322, 837, 465, 212, 727, 344, 857, 987, 997, 234, 619, 877, 887, 509, 777, 608, 652]
[768, 609, 642, 4, 389, 136, 268, 918, 411, 798, 37, 808, 169, 686, 818, 312, 576, 323, 838, 466, 213, 728, 345, 858, 988, 998, 235, 620, 878, 888, 510, 748]
[769, 610, 643, 5, 390, 137, 269, 919, 412, 799, 38, 809, 170, 687, 819, 313, 577, 324, 839, 467, 214, 729, 346, 859, 989, 999, 236, 621, 879, 889, 511, 779]
[512, 6, 770, 611, 644, 790, 391, 138, 270, 920, 413, 800, 39, 810, 171, 688, 820, 314, 578, 325, 840, 468, 215, 730, 347, 860, 990, 1000, 237, 622, 880, 890]
[513, 7, 771, 612, 645, 392, 139, 271, 921, 414, 801, 40, 811, 172, 689, 821, 315, 579, 326, 841, 469, 216, 731, 348, 861, 991, 1001, 238, 623, 881, 891, 781]
[21, 571, 538, 32, 186, 252, 604, 208, 373, 230, 54, 615, 263, 406, 428, 65, 461, 197, 483, 131, 703, 494, 87, 560, 296, 307, 98, 692, 164, 153, 285, 384]
[640, 2, 896, 607, 387, 134, 266, 916, 409, 796, 35, 806, 167, 684, 816, 310, 574, 321, 836, 464, 211, 726, 343, 856, 986, 996, 233, 618, 876, 886, 508, 776]
[904, 627, 784, 660, 924, 671, 934, 944, 693, 824, 954, 704, 964, 714, 844, 974, 734, 864, 744, 1004, 754, 1014, 764, 894, 154, 253, 528, 143, 550, 396, 275, 374]
[905, 628, 650, 785, 661, 925, 672, 935, 945, 694, 825, 955, 705, 965, 715, 845, 975, 735, 865, 745, 1005, 755, 1015, 765, 155, 254, 529, 144, 551, 397, 375, 276]
[897, 630, 907, 663, 927, 674, 937, 947, 696, 827, 957, 707, 967, 717, 847, 977, 737, 867, 747, 1007, 787, 757, 1017, 767, 256, 157, 531, 146, 553, 399, 278, 377]
[898, 631, 778, 908, 653, 664, 928, 675, 938, 948, 697, 828, 958, 708, 968, 718, 848, 978, 738, 868, 1008, 758, 788, 1018, 257, 158, 532, 147, 554, 400, 279, 378]
[899, 632, 909, 654, 789, 665, 929, 676, 939, 949, 698, 829, 959, 709, 969, 719, 849, 979, 739, 869, 749, 1009, 759, 1019, 258, 159, 533, 148, 555, 401, 280, 379]
[900, 633, 780, 910, 655, 666, 930, 677, 940, 950, 699, 830, 960, 710, 970, 720, 850, 980, 740, 870, 750, 1010, 760, 1020, 259, 160, 534, 556, 149, 402, 281, 380]
[901, 634, 791, 911, 656, 667, 931, 678, 941, 951, 700, 831, 961, 711, 971, 721, 851, 981, 741, 871, 751, 1011, 1021, 761, 260, 161, 535, 150, 557, 403, 282, 381]
[906, 629, 651, 786, 662, 926, 673, 936, 946, 695, 826, 956, 706, 966, 716, 846, 976, 1016, 736, 866, 746, 1006, 756, 766, 156, 255, 530, 145, 552, 398, 277, 376]
